00F 85 1 0 0
00F 81 1 0 1
00F 81 1 0 1
00F 81 1 0 1
00F 81 1 0 1
00F 81 1 0 1
00F 81 1 0 1
00F 81 1 0 1
00F 81 1 0 1
00F 81 1 0 1
00F 81 1 0 1
00F 81 1 0 1
00F 81 1 0 1
00F 81 1 0 1
00F 81 1 0 1
00F 81 1 0 1
00F 81 1 0 1
00F 81 1 0 1
00F 81 1 0 1
00F 81 1 0 1
00F 81 1 0 1
00F 81 1 0 1
00F 81 1 0 1
00F 81 1 0 1
00F 81 1 0 1
00F 81 1 0 1
00F 81 0 0 1
00F 81 0 0 1
00F 81 0 0 1
08F FF 0 0 1
08F FF 0 0 1
08F FF 0 0 1
08F FF 0 0 1
08F FF 0 0 1
08F FF 0 0 1
08F FF 0 0 1
08F FF 0 0 1
08B FF 0 0 1
08B FF 0 0 1
083 FF 0 0 1
083 FF 0 0 1
083 FF 0 0 1
083 FF 0 0 1
082 FF 0 0 1
082 FF 0 0 1
082 FF 0 0 1
080 FF 0 0 1
000 00 0 1 0
000 00 0 1 0
000 00 0 1 0
080 00 0 0 0
080 00 0 0 0
080 00 0 0 0
080 0F 0 0 0
000 00 1 1 0
000 00 1 1 0
000 00 1 1 0
000 00 1 0 0
00F 81 1 0 0
00F 81 1 0 1
00F 81 0 0 1
000 01 0 1 0
000 00 0 1 0
000 00 0 1 0
000 00 0 1 0
080 00 0 0 0
081 00 0 0 0
081 0F 0 0 0
081 0F 0 0 0
081 0F 0 0 0
081 0F 0 0 0
081 0F 0 0 0
081 0F 0 0 0
081 0F 0 0 0
081 0F 0 0 0
081 0F 0 0 0
081 0F 0 0 0
081 0F 0 0 0
000 0F 1 1 0
000 00 1 1 0
000 00 1 1 0
000 00 1 0 0
00F 81 1 0 0
00F 81 1 0 1
00F 81 0 0 1
000 01 0 1 1
000 00 0 1 0
000 00 0 1 0
000 00 0 1 0
080 00 0 0 0
081 00 0 0 0
081 07 0 0 0
081 0F 0 0 0
000 0F 0 1 0
000 00 1 1 0
000 00 1 1 0
000 00 1 1 0
003 81 1 0 0
00F 81 1 0 1
00F 81 1 0 1
008 81 0 0 1
000 00 0 1 0
000 00 0 1 0
000 00 0 1 0
080 00 0 0 0
081 00 0 0 0
081 02 0 0 0
081 0F 0 0 0
000 00 1 1 0
000 00 1 1 0
000 00 1 1 0
000 00 1 0 0
00F 81 1 0 0
00F 81 1 0 1
00F 81 0 0 1
000 00 0 1 0
000 00 0 1 0
000 00 0 1 0
000 00 0 0 0
081 00 0 0 0
081 00 0 0 0
081 0F 0 0 0
000 0F 0 1 0
000 00 1 1 0
000 00 1 1 0
000 00 1 1 0
003 81 1 0 0
00F 81 1 0 1
00F 81 1 0 1
000 81 0 0 1
000 00 0 1 0
000 00 0 1 0
000 00 0 1 0
080 00 0 0 0
081 00 0 0 0
081 02 0 0 0
081 0F 1 0 0
000 00 1 1 0
000 00 1 1 0
000 00 1 1 0
000 80 1 0 0
00F C5 1 0 0
FDF C5 1 0 0
FFF C5 0 0 0
000 00 0 1 0
000 00 0 1 0
000 00 0 1 0
000 00 0 0 0
0C5 F0 0 0 0
0C5 FF 0 0 0
0C5 FF 1 0 0
000 7F 1 1 0
000 00 1 1 0
000 00 1 1 0
000 00 1 1 0
FDF F0 1 0 0
FFF F0 1 0 0
FFF F0 0 0 0
000 F0 1 1 0
000 00 0 1 0
000 00 0 1 0
000 00 0 1 0

------------------------------

082 80 0 0 0
082 F0 0 0 0
082 FF 0 0 0
082 FF 1 0 0
000 00 1 1 0
000 00 1 1 0
000 00 1 1 0
000 80 1 0 0
00F F8 1 0 0
00F F8 1 0 0
00F F8 0 0 0

000 00 0 1 0
000 00 0 1 0
000 00 0 1 0

000 00 0 0 0
0F8 F0 0 0 0
0F8 F0 0 0 0
0F8 F0 1 0 0

000 00 1 1 0
000 00 1 1 0
000 00 1 1 0
000 00 1 1 0

00F D3 1 0 0
00F D3 1 0 0
00F D3 0 0 0

000 53 0 1 0
000 00 0 1 0
000 00 0 1 0
000 00 0 1 0

------------------------------
transfer to 1d3

1D3 80 0 0 0
1D3 F0 0 0 0
1D3 F0 0 0 0
1D3 F0 1 0 0

000 00 1 1 0
000 00 1 1 0
000 00 1 1 0

000 00 1 0 0  7D = LDI #$0D
00F 7D 1 0 0
00F 7D 1 0 0
00F 7D 0 0 0

000 00 0 1 0
000 00 0 1 0
000 00 0 1 0

000 00 0 0 0
1D4 F0 0 0 0
1D4 F0 0 0 0
1D4 F0 1 0 0

000 00 1 1 0
000 00 1 1 0
000 00 1 1 0
000 00 1 1 0

00F 77 1 0 0  77 = LDI #$07
00F 77 1 0 0
00F 77 0 0 0

000 77 0 1 0
000 00 0 1 0
000 00 0 1 0
000 00 0 1 0

1D1 80 0 0 0
1D5 D0 0 0 0
1D5 D0 1 0 0
1D5 D0 1 0 0

000 00 1 1 0
000 00 1 1 0
000 00 1 1 0

000 00 1 0 0
00F 0D 1 0 0   AND
00F 0D 1 0 0
00F 0D 0 0 0

000 00 0 1 0
000 00 0 1 0
000 00 0 1 0

000 00 0 0 0
1D6 D0 0 0 0
1D6 D0 0 0 0
1D6 D0 1 0 0

000 00 1 1 0
000 00 1 1 0
000 00 1 1 0
000 00 1 1 0

00F 1E 1 0 0   SKZ
00F 1E 1 0 0
00F 1E 0 0 0

000 1E 0 1 0
000 00 0 1 0
000 00 0 1 0
000 00 0 1 0

1D7 80 0 0 0
1D7 D0 0 0 0
1D7 D0 1 0 0
000 D0 1 0 0

000 00 1 1 0
000 00 1 1 0
000 00 1 1 0

000 00 1 0 0   RTN
00F 05 1 0 0
00F 05 1 0 0
00F 05 0 0 0

000 00 0 1 0
000 00 0 1 0
000 00 0 1 0

000 00 0 0 0
083 D0 0 0 0
083 D0 0 0 0
083 D0 1 0 0

000 00 1 1 0
000 00 1 1 0
000 00 1 1 0

000 00 1 0 0
00F BA 1 0 0   T BA
00F BA 1 0 0
00F BA 0 0 0

000 3A 0 1 0
000 00 0 1 0
000 00 0 1 0
000 00 0 1 0

0BA D0 0 0 0
0BA D0 0 0 0
0BA D0 1 0 0

000 D0 1 1 0
000 00 1 1 0
000 00 1 1 0
000 00 1 1 0

000 80 1 0 0
00F C6 1 0 0  LB C6
00F C6 1 0 0
00F C6 0 0 0

000 00 0 1 0
000 00 0 1 0
000 00 0 1 0

Read from C6 to get value to load into B
000 00 0 0 0
0C6 D0 0 0 0
0C6 D0 0 0 0
0C6 D0 1 0 0

000 00 1 1 0
000 00 1 1 0
000 00 1 1 0

000 00 1 0 0
00F C1 1 0 0    LB 0C1
00F C1 1 0 0    Auto rtn
00F C1 0 0 0

000 41 0 1 0
000 00 0 1 0
000 00 0 1 0
000 00 0 1 0

------------------------------

returned to BB

0BB D0 0 0 0
0BB D0 0 0 0
0BB D0 1 0 0

000 50 1 1 0
000 00 1 1 0
000 00 1 1 0
000 00 1 1 0

000 E0 1 0 0
03E E9 1 0 0   TM E9
03E E9 1 0 0
03E E9 0 0 0

000 00 0 1 0
000 00 0 1 0
000 00 0 1 0

000 00 0 0 0
0E9 D0 0 0 0
0E9 D0 0 0 0
0E9 D0 1 0 0

000 00 1 1 0
000 00 1 1 0
000 00 1 1 0

000 00 1 0 0
03E 4E 1 0 0
03E 4E 1 0 0
03E 4E 0 0 0

000 4E 0 1 0
000 00 0 1 0
000 00 0 1 0
000 00 0 1 0

Transfer to 14e
14E D0 0 0 0
14E D0 0 0 0
14E D0 1 0 0

000 50 1 1 0
000 00 1 1 0
000 00 1 1 0
000 00 1 1 0

006 7F 1 0 0   LDI #0
03E 7F 1 0 0
03E 7F 1 0 0
03E 7F 0 0 0

000 00 0 1 0
000 00 0 1 0
000 00 0 1 0

000 00 0 0 0
14F D0 0 0 0
14F D0 0 0 0
14F D0 1 0 0

000 00 1 1 0
000 00 1 1 0
000 00 1 1 0

000 00 1 0 0  LDI #7
03E 78 1 0 0
03E 78 1 0 0
03E 78 0 0 0

000 08 0 1 0
000 00 0 1 0
000 00 0 1 0
000 00 0 1 0

150 F0 0 0 0
150 F0 0 0 0
150 F0 1 0 0

000 70 1 1 0
000 00 1 1 0
000 00 1 1 0
000 00 1 1 0

006 74 1 0 0  LDI #B
03E 74 1 0 0
03E 74 1 0 0
03E 74 0 0 0

000 00 0 1 0
000 00 0 1 0
000 00 0 1 0

000 00 0 0 0
151 F0 0 0 0
151 F0 0 0 0
151 F0 1 0 0

000 00 1 1 0
000 00 1 1 0
000 00 1 1 0

000 00 1 0 0
03E 72 1 0 0  LDI #D
03E 72 1 0 0
03E 72 0 0 0

000 00 0 1 0
000 00 0 1 0
000 00 0 1 0
000 00 0 1 0

152 F0 0 0 0
152 F0 0 0 0
152 F0 1 0 0

000 70 1 1 0
000 00 1 1 0
000 00 1 1 0
000 00 1 1 0

01E 71 1 0 0  LDI #E
03E 71 1 0 0
03E 71 1 0 0
002 71 0 0 0

000 00 0 1 0
000 00 0 1 0
000 00 0 1 0

000 80 0 0 0
153 F0 0 0 0
153 F0 0 0 0
153 F0 1 0 0

000 00 1 1 0
000 00 1 1 0
000 00 1 1 0

000 00 1 0 0
03E 0D 1 0 0  AND
03E 0D 1 0 0
03E 0D 0 0 0

000 00 0 1 0
000 00 0 1 0
000 00 0 1 0

000 00 0 0 0
154 F0 0 0 0
154 F0 0 0 0
154 F0 1 0 0

000 70 1 1 0
000 00 1 1 0
000 00 1 1 0
000 00 1 1 0

01E 3F 1 0 0
03E 3F 1 0 0   EX
03E 3F 1 0 0
000 3F 0 0 0

000 00 0 1 0
000 00 0 1 0
000 00 0 1 0

000 80 0 0 0
155 F0 0 0 1
155 F0 0 0 1
155 F0 1 0 1

000 00 1 1 0
000 00 1 1 0
000 00 1 1 0

000 00 1 0 0  RTN
03E 05 1 0 0
03E 05 1 0 0
03E 05 0 0 0

000 00 0 1 0
000 00 0 1 0
000 00 0 1 0

000 00 0 0 0
0BC 0F 0 0 0
0BC 0F 0 0 0
0BC 0F 1 0 0

000 0F 1 1 0
000 00 1 1 0
000 00 1 1 0
000 00 1 1 0

01E 05 1 0 0  RTN
03E 05 1 0 0
03E 05 0 0 0

000 05 0 1 0
000 00 0 1 0
000 00 0 1 0
000 00 0 1 0

------------------------------
Address 000

000 0F 0 0 0
000 0F 0 0 0
000 0F 0 0 0
000 0F 1 0 0

000 00 1 1 0
000 00 1 1 0
000 00 1 1 0

000 80 1 0 0
03E 81 1 0 0    T 001
03E 81 1 0 0
03E 81 0 0 0

000 00 0 1 0
000 00 0 1 0
000 00 0 1 0

000 00 0 0 0
001 0F 0 0 0
001 0F 0 0 0
001 0F 1 0 0

000 0F 1 1 0
000 00 1 1 0
000 00 1 1 0
000 00 1 1 0

01E 82 1 0 0   T 002
03E 82 1 0 0
03E 82 0 0 0

000 02 0 1 0
000 00 0 1 0
000 00 0 1 0
000 00 0 1 0

002 0F 0 0 0
002 0F 0 0 0
002 0F 0 0 0
002 0F 1 0 0

000 00 1 1 0
000 00 1 1 0
000 00 1 1 0

000 00 1 0 0
03E 74 1 0 0
03E 74 1 0 0
03E 74 0 0 0   LDI #4

000 00 0 1 0
000 00 0 1 0
000 00 0 1 0

000 00 0 0 0
003 0F 0 0 0
003 0F 0 0 0
003 0F 1 0 0

000 0F 1 1 0
000 00 1 1 0
000 00 1 1 0
000 00 1 1 0

03E 1C 1 0 0   IOL
03E 1C 1 0 0
03E 1C 0 0 0

000 1C 0 1 0
000 00 0 1 0
000 00 0 1 0
000 00 0 1 0

004 0F 0 0 0  IOL second word 
004 4F 0 0 0
004 4F 1 0 0
004 4F 1 0 0

000 00 1 1 0
000 00 1 1 0
000 00 1 1 0

000 00 1 0 0
03E 1E 1 0 1      IO high 
03E 1E 1 0 1
03E 1E 0 0 1

000 00 0 1 0
000 00 0 1 0
000 00 0 1 0

000 00 0 0 0
005 40 0 0 0
005 40 0 0 0
005 40 1 0 0

000 00 1 1 0
000 00 1 1 0
000 00 1 1 0
000 00 1 1 0

03E 7E 1 0 0   LDI #E
03E 7E 1 0 0
03E 7E 0 0 0

000 7E 0 1 0
000 00 0 1 0
000 00 0 1 0
000 00 0 1 0

006 0F 0 0 0
006 0F 0 0 0
006 0F 1 0 0
002 0F 1 0 0

000 00 1 1 0
000 00 1 1 0
000 00 1 1 0

000 00 1 0 0
03E 1C 1 0 0
03E 1C 1 0 0
03E 1C 0 0 0

000 00 0 1 0
000 00 0 1 0
000 00 0 1 0
000 00 0 0 0
007 EF 0 0 0
007 EF 0 0 0
007 EF 1 0 0
000 00 1 1 0
000 00 1 1 0
000 00 1 1 0
000 00 1 0 0
03E 1D 1 0 1
03E 1D 1 0 1
03E 1D 0 0 1
000 1D 0 1 1
000 00 0 1 0
000 00 0 1 0
000 00 0 1 0
008 E8 0 0 0
008 E8 0 0 0
008 E8 1 0 0
000 E8 1 0 0
000 00 1 1 0
000 00 1 1 0
000 00 1 1 0
000 80 1 0 0
03E CA 1 0 0
03E CA 1 0 0
03E CA 0 0 0
000 00 0 1 0
000 00 0 1 0
000 00 0 1 0
000 0F 0 0 0
0CA 8F 0 0 0
0CA 8F 0 0 0
0CA 8F 1 0 0
000 00 1 1 0
000 00 1 1 0
000 00 1 1 0
000 00 1 0 0
03E ED 1 0 0
03E ED 1 0 0
03E ED 0 0 0
000 6D 0 1 0
000 00 0 1 0
000 00 0 1 0
000 00 0 1 0
009 8F 0 0 0
009 8F 0 0 0
009 8F 1 0 0
000 0F 1 1 0
000 00 1 1 0
000 00 1 1 0
000 00 1 1 0
000 FC 1 0 0
012 FD 1 0 0
012 FD 1 0 0
012 FD 0 0 0
000 00 0 1 0
000 00 0 1 0
000 00 0 1 0
000 00 0 0 0
0FD 80 0 0 0
0FD 80 0 0 0
0FD 80 1 0 0
000 00 1 1 0
000 00 1 1 0
000 00 1 1 0
000 00 1 0 0
012 F6 1 0 0
012 F6 1 0 0
012 F6 0 0 0
000 76 0 1 0
000 00 0 1 0
000 00 0 1 0
000 00 0 1 0
1F6 80 0 0 0
1F6 80 0 0 0
1F6 80 1 0 0
000 00 1 1 0
000 00 1 1 0
000 00 1 1 0
000 00 1 1 0
000 7F 1 0 0
012 7F 1 0 0
012 7F 1 0 0
012 7F 0 0 0
000 00 0 1 0
000 00 0 1 0
000 00 0 1 0
000 00 0 0 0
1F7 80 0 0 0
1F7 80 0 0 0
1F7 80 1 0 0
000 00 1 1 0
000 00 1 1 0
000 00 1 1 0
000 00 1 0 0
012 2F 1 0 0
012 2F 1 0 0
012 2F 0 0 0
000 0F 0 1 0
000 00 0 1 0
000 00 0 1 0
000 00 0 1 0
1F8 F0 0 0 0
1F8 F0 0 0 1
1F8 F0 1 0 1
000 70 1 1 1
000 00 1 1 0
000 00 1 1 0
000 00 1 1 0
000 B6 1 0 0
011 B6 1 0 0
011 B6 1 0 0
011 B6 0 0 0
000 00 0 1 0
000 00 0 1 0
000 00 0 1 0
000 00 0 0 0
1F6 00 0 0 0
1F6 00 0 0 0
1F6 00 1 0 0
000 00 1 1 0
000 00 1 1 0
000 00 1 1 0
000 00 1 0 0
011 7F 1 0 0
011 7F 1 0 0
011 7F 0 0 0
000 0D 0 1 0
000 00 0 1 0
000 00 0 1 0
000 00 0 1 0
1F7 00 0 0 0
1F7 00 0 0 0
1F7 00 1 0 0
000 00 1 1 0
000 00 1 1 0
000 00 1 1 0
000 00 1 1 0
001 2F 1 0 0
011 2F 1 0 0
011 2F 1 0 0
011 2F 0 0 0
000 00 0 1 0
000 00 0 1 0
000 00 0 1 0
000 80 0 0 0
1F8 F0 0 0 1
1F8 F0 0 0 1
1F8 F0 1 0 1
000 00 1 1 0
000 00 1 1 0
000 00 1 1 0
000 00 1 0 0
010 B6 1 0 0
010 B6 1 0 0
010 B6 0 0 0
000 00 0 1 0
000 00 0 1 0
000 00 0 1 0
000 00 0 1 0
1F6 00 0 0 0
1F6 00 0 0 0
1F6 00 1 0 0
000 00 1 1 0
000 00 1 1 0
000 00 1 1 0
000 00 1 1 0
010 7F 1 0 0
010 7F 1 0 0
010 7F 1 0 0
010 7F 0 0 0
000 00 0 1 0
000 00 0 1 0
000 00 0 1 0
000 00 0 0 0
1F7 00 0 0 0
1F7 00 0 0 0
1F7 00 1 0 0
000 00 1 1 0
000 00 1 1 0
000 00 1 1 0
000 00 1 0 0
010 2F 1 0 0
010 2F 1 0 0
010 2F 0 0 0
000 00 0 1 0
000 00 0 1 0
000 00 0 1 0
000 00 0 0 0
1F8 F0 0 0 0
1F8 F0 0 0 1
1F8 F0 1 0 1
000 70 1 1 1
000 00 1 1 0
000 00 1 1 0
000 00 1 1 0
016 B6 1 0 0
01F B6 1 0 0
01F B6 1 0 0
000 B6 0 0 0
000 00 0 1 0
000 00 0 1 0
000 00 0 1 0
040 00 0 0 0
1F9 00 0 0 0
1F9 00 0 0 0
1F9 00 1 0 0
000 00 1 1 0
000 00 1 1 0
000 00 1 1 0
000 00 1 0 0
01F 05 1 0 0
01F 05 1 0 0
01F 05 0 0 0
000 00 0 1 0
000 00 0 1 0
000 00 0 1 0
000 00 0 0 0
00A 00 0 0 0
00A 00 0 0 0
00A 00 1 0 0
000 00 1 1 0
000 00 1 1 0
000 00 1 1 0
000 00 1 1 0
01F 02 1 0 0
01F 02 1 0 0
01F 02 0 0 0
000 02 0 1 0
000 00 0 1 0
000 00 0 1 0
000 00 0 1 0
003 00 0 0 0
00B 00 0 0 0
00B 00 0 0 0
00B 00 1 0 0
000 00 1 1 0
000 00 1 1 0
000 00 1 1 0
000 00 1 0 0
01F 44 1 0 0
01F 44 1 0 0
01F 44 0 0 0
000 00 0 1 0
000 00 0 1 0
000 00 0 1 0
000 00 0 0 0
244 00 0 0 0
244 00 0 0 0
244 00 1 0 0
000 00 1 1 0
000 00 1 1 0
000 00 1 1 0
000 00 1 1 0
01F 5C 1 0 0
01F 5C 1 0 0
01F 5C 0 0 0
000 5C 0 1 0
000 00 0 1 0
000 00 0 1 0
000 00 0 1 0
041 00 0 0 0
245 00 0 0 0
245 00 0 0 0
245 00 1 0 0
000 00 1 1 0
000 00 1 1 0
000 00 1 1 0
000 00 1 0 0
01F 6F 1 0 0
01F 6F 1 0 0
01F 6F 0 0 0
000 00 0 1 0
000 00 0 1 0
000 00 0 1 0
000 00 0 0 0
C6F 00 0 0 0
C6F 00 0 0 0
C6F 00 1 0 0
000 00 1 1 0
000 00 1 1 0
000 00 1 1 0
000 00 1 1 0
01F C4 1 0 0
01F C4 1 0 0
01F C4 0 0 0
000 44 0 1 0
000 00 0 1 0
000 00 0 1 0
000 00 0 1 0
0C4 00 0 0 0
0C4 00 0 0 0
0C4 00 1 0 0
0C4 00 1 0 0
000 00 1 1 0
000 00 1 1 0
000 00 1 1 0
000 80 1 0 0
01F C0 1 0 0
01F C0 1 0 0
01F C0 0 0 0
000 00 0 1 0
000 00 0 1 0
000 00 0 1 0
000 00 0 0 0
C70 00 0 0 0
C70 00 0 0 0
C70 00 1 0 0
000 00 1 1 0
000 00 1 1 0
000 00 1 1 0
000 00 1 1 0
03F CA 1 0 0
03F CA 1 0 0
03F CA 0 0 0
000 4A 0 1 0
000 00 0 1 0
000 00 0 1 0
000 00 0 1 0
0CA 00 0 0 0
0CA 00 0 0 0
0CA 00 1 0 0
00A 00 1 0 0
000 00 1 1 0
000 00 1 1 0
000 00 1 1 0
000 80 1 0 0
03F ED 1 0 0
03F ED 1 0 0
03F ED 0 0 0
000 00 0 1 0
000 00 0 1 0
000 00 0 1 0
000 00 0 0 0
C71 00 0 0 0
C71 00 0 0 0
C71 00 1 0 0
000 00 1 1 0
000 00 1 1 0
000 00 1 1 0
000 00 1 0 0
03F 02 1 0 0
03F 02 1 0 0
03F 02 0 0 0
000 02 0 1 0
000 00 0 1 0
000 00 0 1 0
000 00 0 1 0
C72 00 0 0 0
C72 00 0 0 0
C72 00 1 0 0
000 00 1 0 0
000 00 1 1 0
000 00 1 1 0
000 00 1 1 0
000 00 1 0 0
03F 59 1 0 0
03F 59 1 0 0
03F 59 0 0 0
000 00 0 1 0
000 00 0 1 0
000 00 0 1 0
000 00 0 0 0
000 00 1 1 0
000 00 1 1 0
000 00 1 1 0
000 00 1 0 0
03F 59 1 0 0
03F 59 1 0 0
03F 59 0 0 0
000 00 0 1 0
000 00 0 1 0
000 00 0 1 0
000 00 0 0 0
25A 00 0 0 0
25A 00 0 0 0
25A 00 1 0 0
000 00 1 1 0
000 00 1 1 0
000 00 1 1 0
000 00 1 1 0
01F 00 1 0 0
03F 00 1 0 0
03F 00 1 0 0
000 00 0 0 0
000 00 0 1 0
000 00 0 1 0
000 00 0 1 0
900 00 0 0 0
900 00 0 0 0
900 00 0 0 0
900 00 1 0 0
000 00 1 1 0
000 00 1 1 0
000 00 1 1 0
000 00 1 0 0
03F 21 1 0 0
03F 21 1 0 0
03F 21 0 0 0
000 00 0 1 0
000 00 0 1 0
000 00 0 1 0
000 00 0 0 0
901 00 0 0 0
901 00 0 0 0
901 00 1 0 0
000 00 1 1 0
000 00 1 1 0
000 00 1 1 0
000 00 1 1 0
01F 83 1 0 0
03F 83 1 0 0
03F 83 0 0 0
000 03 0 1 0
000 00 0 1 0
000 00 0 1 0
000 00 0 1 0
003 00 0 0 0
903 00 0 0 0
903 00 0 0 0
903 00 1 0 0
000 00 1 1 0
000 00 1 1 0
000 00 1 1 0
000 80 1 0 0
03F E6 1 0 0
03F E6 1 0 0
03F E6 0 0 0
000 00 0 1 0
000 00 0 1 0
000 00 0 1 0
000 00 0 0 0
0E6 00 0 0 0
0E6 00 0 0 0
0E6 00 1 0 0
000 00 1 1 0
000 00 1 1 0
000 00 1 1 0
000 00 1 1 0
01F 0B 1 0 0
03F 0B 1 0 0
03F 0B 0 0 0
000 0B 0 1 0
000 00 0 1 0
000 00 0 1 0
000 00 0 1 0
10B 00 0 0 0
10B 00 0 0 0
10B 00 0 0 0
10B 00 1 0 0
000 00 1 1 0
000 00 1 1 0
000 00 1 1 0
000 00 1 0 0
03F 37 1 0 0
03F 37 1 0 0
03F 37 0 0 0
000 00 0 1 0
000 00 0 1 0
000 00 0 1 0
000 00 0 0 0
10C 00 0 0 0
10C 00 0 0 0
10C 00 1 0 0
000 00 1 1 0
000 00 1 1 0
000 00 1 1 0
000 00 1 1 0
03F 13 1 0 0
03F 13 1 0 0
03F 13 0 0 0
000 13 0 1 0
000 00 0 1 0
000 00 0 1 0
000 00 0 1 0
10D 00 0 0 0
10D 00 0 0 0
10D 00 1 0 0
10D 00 1 0 0
000 00 1 1 0
000 00 1 1 0
000 00 1 1 0
000 00 1 0 0
00F 2F 1 0 0
00F 2F 1 0 0
00F 2F 0 0 0
000 00 0 1 0
000 00 0 1 0
000 00 0 1 0
000 00 0 0 0
10E 00 0 0 1
10E 00 0 0 1
10E 00 1 0 1
000 00 1 1 0
000 00 1 1 0
000 00 1 1 0
000 00 1 1 0
03E 8B 1 0 0
03E 8B 1 0 0
03E 8B 0 0 0
000 0B 0 1 0
000 00 0 1 0
000 00 0 1 0
000 00 0 1 0
10B 0F 0 0 0
10B 0F 0 0 0
10B 0F 1 0 0
008 0F 1 0 0
000 00 1 1 0
000 00 1 1 0
000 00 1 1 0
000 00 1 0 0
03E 37 1 0 0
03E 37 1 0 0
03E 37 0 0 0
000 00 0 1 0
000 00 0 1 0
000 00 0 1 0
000 00 0 0 0
10C 0F 0 0 0
10C 0F 0 0 0
10C 0F 1 0 0
000 00 1 1 0
000 00 1 1 0
000 00 1 1 0
000 00 1 0 0
03E 13 1 0 0
03E 13 1 0 0
03E 13 0 0 0
000 13 0 1 0
000 00 0 1 0
000 00 0 1 0
000 00 0 1 0
10D FF 0 0 0
10D FF 0 0 0
10D FF 1 0 0
000 FF 1 0 0
000 00 1 1 0
000 00 1 1 0
000 00 1 1 0
000 06 1 0 0
00E 2F 1 0 0
00E 2F 1 0 0
00E 2F 0 0 0
000 00 0 1 0
000 00 0 1 0
000 00 0 1 0
000 00 0 0 0
10E F0 0 0 1
10E F0 0 0 1
10E F0 1 0 1
000 00 1 1 0
000 00 1 1 0
000 00 1 1 0
000 00 1 0 0
03D 8B 1 0 0
03D 8B 1 0 0
03D 8B 0 0 0
000 0B 0 1 0
000 00 0 1 0
000 00 0 1 0
000 00 0 1 0
10B 00 0 0 0
10B 00 0 0 0
10B 00 1 0 0
000 00 1 1 0
000 00 1 1 0
000 00 1 1 0
000 00 1 1 0
000 07 1 0 0
03D 37 1 0 0
03D 37 1 0 0
03D 37 0 0 0
000 00 0 1 0
000 00 0 1 0
000 00 0 1 0
000 00 0 0 0
10C 00 0 0 0
10C 00 0 0 0
10C 00 1 0 0
000 00 1 1 0
000 00 1 1 0
000 00 1 1 0
000 00 1 0 0
03D 13 1 0 0
03D 13 1 0 0
03D 13 0 0 0
000 13 0 1 0
000 00 0 1 0
000 00 0 1 0
000 00 0 1 0
10D 00 0 0 0
10D 00 0 0 0
10D 00 1 0 0
000 00 1 1 0
000 00 1 1 0
000 00 1 1 0
000 00 1 1 0
001 07 1 0 0
00D 2F 1 0 0
00D 2F 1 0 0
00D 2F 0 0 0
000 00 0 1 0
000 00 0 1 0
000 00 0 1 0
000 00 0 0 0
10E 00 0 0 1
10E 00 0 0 1
10E 00 1 0 1
000 00 1 1 0
000 00 1 1 0
000 00 1 1 0
000 00 1 0 0
03C 8B 1 0 0
03C 8B 1 0 0
03C 8B 0 0 0
000 0B 0 1 0
000 00 0 1 0
000 00 0 1 0
000 00 0 1 0
10B 00 0 0 0
10B 00 0 0 0
10B 00 1 0 0
000 00 1 1 0
000 00 1 1 0
000 00 1 1 0
000 00 1 1 0
004 37 1 0 0
03C 37 1 0 0
03C 37 1 0 0
03C 37 0 0 0
000 00 0 1 0
000 00 0 1 0
000 00 0 1 0
000 00 0 0 0
10C 00 0 0 0
10C 00 0 0 0
10C 00 1 0 0
000 00 1 1 0
000 00 1 1 0
000 00 1 1 0
000 00 1 0 0
03C 13 1 0 0
03C 13 1 0 0
03C 13 0 0 0
000 03 0 1 0
000 00 0 1 0
000 00 0 1 0
000 00 0 1 0
10D 00 0 0 0
10D 00 0 0 0
10D 00 1 0 0
000 00 1 1 0
000 00 1 1 0
000 00 1 1 0
000 00 1 1 0
004 2F 1 0 0
00C 2F 1 0 0
00C 2F 1 0 0
00C 2F 0 0 0
000 00 0 1 0
000 00 0 1 0
000 00 0 1 0
000 00 0 0 0
10E 00 0 0 1
10E 00 0 0 1
10E 00 1 0 1
000 00 1 1 0
000 00 1 1 0
000 00 1 1 0
000 00 1 0 0
03B 8B 1 0 0
03B 8B 1 0 0
03B 8B 0 0 0
000 00 0 1 0
000 00 0 1 0
000 00 0 1 0
000 00 0 1 0
10B 00 0 0 0
10B 00 0 0 0
10B 00 1 0 0
000 00 1 1 0
000 00 1 1 0
000 00 1 1 0
000 00 1 1 0
003 37 1 0 0
03B 37 1 0 0
03B 37 1 0 0
02A 37 0 0 0
000 00 0 1 0
000 00 0 1 0
000 00 0 1 0
000 00 0 0 0
10C 00 0 0 0
10C 00 0 0 0
10C 00 1 0 0
000 00 1 1 0
000 00 1 1 0
000 00 1 1 0
000 00 1 0 0
03B 13 1 0 0
03B 13 1 0 0
03B 13 0 0 0
000 00 0 1 0
000 00 0 1 0
000 00 0 1 0
000 00 0 0 0
10D 00 0 0 0
10D 00 0 0 0
10D 00 1 0 0
000 00 1 1 0
000 00 1 1 0
000 00 1 1 0
000 00 1 1 0
003 2F 1 0 0
00B 2F 1 0 0
00B 2F 0 0 0
000 2F 0 0 0
000 00 0 1 0
000 00 0 1 0
000 00 0 1 0
000 00 0 0 0
10E 00 0 0 1
10E 00 0 0 1
10E 00 1 0 1
000 00 1 1 0
000 00 1 1 0
000 00 1 1 0
000 80 1 0 0
03A 8B 1 0 0
03A 8B 1 0 0
03A 8B 0 0 0
000 00 0 1 0
000 00 0 1 0
000 00 0 1 0
000 00 0 0 0
10B 00 0 0 0
10B 00 0 0 0
10B 00 1 0 0
000 00 1 1 0
000 00 1 1 0
000 00 1 1 0
000 00 1 1 0
01A 37 1 0 0
03A 37 1 0 0
03A 37 0 0 0
000 37 0 1 0
000 00 0 1 0
000 00 0 1 0
000 00 0 1 0
000 00 0 0 0
10C 00 0 0 0
10C 00 0 0 0
10C 00 1 0 0
000 00 1 1 0
000 00 1 1 0
000 00 1 1 0
000 00 1 0 0
03A 13 1 0 0
03A 13 1 0 0
03A 13 0 0 0
000 00 0 1 0
000 00 0 1 0
000 00 0 1 0
000 00 0 0 0
10D 00 0 0 0
10D 00 0 0 0
10D 00 1 0 0
000 00 1 1 0
000 00 1 1 0
000 00 1 1 0
000 00 1 1 0
00A 2F 1 0 0
00A 2F 1 0 0
00A 2F 0 0 0
000 2F 0 1 0
000 00 0 1 0
000 00 0 1 0
000 00 0 1 0
002 00 0 0 0
10E 00 0 0 1
10E 00 0 0 1
10E 00 1 0 1
000 00 1 1 0
000 00 1 1 0
000 00 1 1 0
000 80 1 0 0
039 8B 1 0 0
039 8B 1 0 0
039 8B 0 0 0
000 00 0 1 0
000 00 0 1 0
000 00 0 1 0
000 00 0 0 0
10B 00 0 0 0
10B 00 0 0 0
10B 00 1 0 0
000 00 1 1 0
000 00 1 1 0
000 00 1 1 0
000 00 1 1 0
039 37 1 0 0
039 37 1 0 0
039 37 0 0 0
000 37 0 1 0
000 00 0 1 0
000 00 0 1 0
000 00 0 1 0
100 00 0 0 0
10C 00 0 0 0
10C 00 1 0 0
10C 00 1 0 0
000 00 1 1 0
000 00 1 1 0
000 00 1 1 0
000 00 1 0 0
039 13 1 0 0
039 13 1 0 0
039 13 0 0 0
000 00 0 1 0
000 00 0 1 0
000 00 0 1 0
000 00 0 0 0
10D 00 0 0 0
10D 00 0 0 0
10D 00 1 0 0
000 00 1 1 0
000 00 1 1 0
000 00 1 1 0
000 00 1 1 0
009 2F 1 0 0
009 2F 1 0 0
009 2F 0 0 0
000 2F 0 1 0
000 00 0 1 0
000 00 0 1 0
000 00 0 1 0
10E 00 0 0 0
10E 00 0 0 1
10E 00 1 0 1
10E 00 1 0 1
000 00 1 1 0
000 00 1 1 0
000 00 1 1 0
000 80 1 0 0
038 8B 1 0 0
038 8B 1 0 0
038 8B 0 0 0
000 00 0 1 0
000 00 0 1 0
000 00 0 1 0
000 00 0 0 0
10B 00 0 0 0
10B 00 0 0 0
10B 00 1 0 0
000 00 1 1 0
000 00 1 1 0
000 00 1 1 0
000 00 1 1 0
038 37 1 0 0
038 37 1 0 0
038 37 0 0 0
000 37 0 1 0
000 00 0 1 0
000 00 0 1 0
000 00 0 1 0
10C 00 0 0 0
10C 00 0 0 0
10C 00 1 0 0
000 00 1 0 0
000 00 1 1 0
000 00 1 1 0
000 00 1 1 0
000 00 1 0 0
038 13 1 0 0
038 13 1 0 0
038 13 0 0 0
000 00 0 1 0
000 00 0 1 0
000 00 0 1 0
000 00 0 0 0
10D 00 0 0 0
10D 00 0 0 0
10D 00 1 0 0
000 00 1 1 0
000 00 1 1 0
000 00 1 1 0
000 00 1 0 0
008 2F 1 0 0
008 2F 1 0 0
008 2F 0 0 0
000 2F 0 1 0
000 00 0 1 0
000 00 0 1 0
000 00 0 1 0
10E 00 0 0 0
10E 00 0 0 1
10E 00 1 0 1
000 00 1 0 1
000 00 1 1 0
000 00 1 1 0
000 00 1 1 0
000 80 1 0 0
037 8B 1 0 0
037 8B 1 0 0
037 8B 0 0 0
000 00 0 1 0
000 00 0 1 0
000 00 0 1 0
000 00 0 0 0
10B 00 0 0 0
10B 00 0 0 0
10B 00 1 0 0
000 00 1 1 0
000 00 1 1 0
000 00 1 1 0
000 00 1 0 0
037 37 1 0 0
037 37 1 0 0
037 37 0 0 0
000 37 0 1 0
000 00 0 1 0
000 00 0 1 0
000 00 0 1 0
10C 00 0 0 0
10C 00 0 0 0
10C 00 1 0 0
000 00 1 1 0
000 00 1 1 0
000 00 1 1 0
000 00 1 1 0
000 03 1 0 0
037 13 1 0 0
037 13 1 0 0
037 13 0 0 0
000 00 0 1 0
000 00 0 1 0
000 00 0 1 0
000 00 0 0 0
10D 00 0 0 0
10D 00 0 0 0
10D 00 1 0 0
000 00 1 1 0
000 00 1 1 0
000 00 1 1 0
000 00 1 0 0
007 2F 1 0 0
007 2F 1 0 0
007 2F 0 0 0
000 2F 0 1 0
000 00 0 1 0
000 00 0 1 0
000 00 0 1 0
10E 00 0 0 0
10E 00 0 0 1
10E 00 1 0 1
000 00 1 1 1
000 00 1 1 0
000 00 1 1 0
000 00 1 1 0
000 83 1 0 0
036 8B 1 0 0
036 8B 1 0 0
036 8B 0 0 0
000 00 0 1 0
000 00 0 1 0
000 00 0 1 0
000 00 0 0 0
10B 00 0 0 0
10B 00 0 0 0
10B 00 1 0 0
000 00 1 1 0
000 00 1 1 0
000 00 1 1 0
000 00 1 0 0
036 37 1 0 0
036 37 1 0 0
036 37 0 0 0
000 07 0 1 0
000 00 0 1 0
000 00 0 1 0
000 00 0 1 0
10C 00 0 0 0
10C 00 0 0 0
10C 00 1 0 0
000 00 1 1 0
000 00 1 1 0
000 00 1 1 0
000 00 1 1 0
002 13 1 0 0
036 13 1 0 0
036 13 1 0 0
036 13 0 0 0
000 00 0 1 0
000 00 0 1 0
000 00 0 1 0
000 00 0 0 0
10D 00 0 0 0
10D 00 0 0 0
10D 00 1 0 0
000 00 1 1 0
000 00 1 1 0
000 00 1 1 0
000 00 1 0 0
006 2F 1 0 0
006 2F 1 0 0
006 2F 0 0 0
000 0F 0 1 0
000 00 0 1 0
000 00 0 1 0
000 00 0 1 0
10E 00 0 0 0
10E 00 0 0 1
10E 00 1 0 1
000 00 1 1 1
000 00 1 1 0
000 00 1 1 0
000 00 1 1 0
000 8B 1 0 0
035 8B 1 0 0
035 8B 1 0 0
035 8B 0 0 0
000 00 0 1 0
000 00 0 1 0
000 00 0 1 0
000 00 0 0 0
10B 00 0 0 0
10B 00 0 0 0
10B 00 1 0 0
000 00 1 1 0
000 00 1 1 0
000 00 1 1 0
000 00 1 0 0
035 37 1 0 0
035 37 1 0 0
035 37 0 0 0
000 00 0 1 0
000 00 0 1 0
000 00 0 1 0
000 00 0 1 0
10C 00 0 0 0
10C 00 0 0 0
10C 00 1 0 0
000 00 1 1 0
000 00 1 1 0
000 00 1 1 0
000 00 1 1 0
005 13 1 0 0
035 13 1 0 0
035 13 1 0 0
000 13 0 0 0
000 00 0 1 0
000 00 0 1 0
000 00 0 1 0
000 00 0 0 0
10D 00 0 0 0
10D 00 0 0 0
10D 00 1 0 0
000 00 1 1 0
000 00 1 1 0
000 00 1 1 0
000 00 1 0 0
005 2F 1 0 0
005 2F 1 0 0
005 2F 0 0 0
000 00 0 1 0
000 00 0 1 0
000 00 0 1 0
000 00 0 0 0
10E 00 0 0 0
10E 00 0 0 1
10E 00 1 0 1
000 00 1 1 1
000 00 1 1 0
000 00 1 1 0
000 00 1 1 0
010 8B 1 0 0
034 8B 1 0 0
034 8B 1 0 0
000 8B 0 0 0
000 00 0 1 0
000 00 0 1 0
000 00 0 1 0
003 00 0 0 0
10B 00 0 0 0
10B 00 0 0 0
10B 00 1 0 0
000 00 1 1 0
000 00 1 1 0
000 00 1 1 0
000 00 1 0 0
034 37 1 0 0
034 37 1 0 0
034 37 0 0 0
000 00 0 1 0
000 00 0 1 0
000 00 0 1 0
000 00 0 0 0
10C 00 0 0 0
10C 00 0 0 0
10C 00 1 0 0
000 00 1 1 0
000 00 1 1 0
000 00 1 1 0
000 00 1 1 0
014 13 1 0 0
034 13 1 0 0
034 13 0 0 0
000 13 0 1 0
000 00 0 1 0
000 00 0 1 0
000 00 0 1 0
000 00 0 0 0
10D 00 0 0 0
10D 00 0 0 0
10D 00 1 0 0
000 00 1 1 0
000 00 1 1 0
000 00 1 1 0
000 00 1 0 0
004 2F 1 0 0
004 2F 1 0 0
004 2F 0 0 0
000 00 0 1 0
000 00 0 1 0
000 00 0 1 0
000 00 0 0 0
10E 00 0 0 0
10E 00 0 0 1
10E 00 1 0 1
000 00 1 1 0
000 00 1 1 0
000 00 1 1 0
000 00 1 1 0
013 8B 1 0 0
033 8B 1 0 0
033 8B 0 0 0
000 0B 0 1 0
000 00 0 1 0
000 00 0 1 0
000 00 0 1 0
00B 00 0 0 0
10B 00 0 0 0
10B 00 0 0 0
10B 00 1 0 0
000 00 1 1 0
000 00 1 1 0
000 00 1 1 0
000 00 1 0 0
033 37 1 0 0
033 37 1 0 0
033 37 0 0 0
000 00 0 1 0
000 00 0 1 0
000 00 0 1 0
000 00 0 0 0
10C 00 0 0 0
10C 00 0 0 0
10C 00 1 0 0
000 00 1 1 0
000 00 1 1 0
000 00 1 1 0
000 00 1 1 0
033 13 1 0 0
033 13 1 0 0
033 13 0 0 0
000 13 0 1 0
000 00 0 1 0
000 00 0 1 0
000 00 0 1 0
101 00 0 0 0
10D 00 0 0 0
10D 00 1 0 0
10D 00 1 0 0
000 00 1 1 0
000 00 1 1 0
000 00 1 1 0
000 00 1 0 0
003 2F 1 0 0
003 2F 1 0 0
003 2F 0 0 0
000 00 0 1 0
000 00 0 1 0
000 00 0 1 0
000 00 0 0 0
10E 00 0 0 1
10E 00 0 0 1
10E 00 1 0 1
000 00 1 1 0
000 00 1 1 0
000 00 1 1 0
000 00 1 1 0
032 8B 1 0 0
032 8B 1 0 0
032 8B 0 0 0
000 0B 0 1 0
000 00 0 1 0
000 00 0 1 0
000 00 0 1 0
10B 00 0 0 0
10B 00 0 0 0
10B 00 1 0 0
10A 00 1 0 0
000 00 1 1 0
000 00 1 1 0
000 00 1 1 0
000 00 1 0 0
032 37 1 0 0
032 37 1 0 0
032 37 0 0 0
000 00 0 1 0
000 00 0 1 0
000 00 0 1 0
000 00 0 0 0
10C 00 0 0 0
10C 00 0 0 0
10C 00 1 0 0
000 00 1 1 0
000 00 1 1 0
000 00 1 1 0
000 00 1 1 0
032 13 1 0 0
032 13 1 0 0
032 13 0 0 0
000 13 0 1 0
000 00 0 1 0
000 00 0 1 0
000 00 0 1 0
10D 00 0 0 0
10D 00 0 0 0
10D 00 1 0 0
000 00 1 0 0
000 00 1 1 0
000 00 1 1 0
000 00 1 1 0
000 00 1 0 0
002 2F 1 0 0
002 2F 1 0 0
002 2F 0 0 0
000 00 0 1 0
000 00 0 1 0
000 00 0 1 0
000 00 0 0 0
10E 00 0 0 1
10E 00 0 0 1
10E 00 1 0 1
000 00 1 1 0
000 00 1 1 0
000 00 1 1 0
000 00 1 0 0
031 8B 1 0 0
031 8B 1 0 0
031 8B 0 0 0
000 0B 0 1 0
000 00 0 1 0
000 00 0 1 0
000 00 0 1 0
10B 00 0 0 0
10B 00 0 0 0
10B 00 1 0 0
000 00 1 0 0
000 00 1 1 0
000 00 1 1 0
000 00 1 1 0
000 03 1 0 0
031 37 1 0 0
031 37 1 0 0
031 37 0 0 0
000 00 0 1 0
000 00 0 1 0
000 00 0 1 0
000 00 0 0 0
10C 00 0 0 0
10C 00 0 0 0
10C 00 1 0 0
000 00 1 1 0
000 00 1 1 0
000 00 1 1 0
000 00 1 0 0
031 13 1 0 0
031 13 1 0 0
031 13 0 0 0
000 13 0 1 0
000 00 0 1 0
000 00 0 1 0
000 00 0 1 0
10D 00 0 0 0
10D 00 0 0 0
10D 00 1 0 0
000 00 1 1 0
000 00 1 1 0
000 00 1 1 0
000 00 1 1 0
000 07 1 0 0
001 2F 1 0 0
001 2F 1 0 0
001 2F 0 0 0
000 00 0 1 0
000 00 0 1 0
000 00 0 1 0
000 00 0 0 0
10E 00 0 0 1
10E 00 0 0 1
10E 00 1 0 1
000 00 1 1 0
000 00 1 1 0
000 00 1 1 0
000 00 1 0 0
030 8B 1 0 0
030 8B 1 0 0
030 8B 0 0 0
000 0B 0 1 0
000 00 0 1 0
000 00 0 1 0
000 00 0 1 0
10B 00 0 0 0
10B 00 0 0 0
10B 00 1 0 0
000 00 1 1 0
000 00 1 1 0
000 00 1 1 0
000 00 1 1 0
000 17 1 0 0
030 37 1 0 0
030 37 1 0 0
030 37 0 0 0
000 00 0 1 0
000 00 0 1 0
000 00 0 1 0
000 00 0 0 0
10C 00 0 0 0
10C 00 0 0 0
10C 00 1 0 0
