00F 85 1 0 0
00F 81 1 0 1
00F 81 1 0 1
00F 81 1 0 1
00F 81 1 0 1
00F 81 1 0 1
00F 81 1 0 1
00F 81 1 0 1
00F 81 1 0 1
00F 81 1 0 1
00F 81 1 0 1
00F 81 1 0 1
00F 81 1 0 1
00F 81 1 0 1
00F 81 1 0 1
00F 81 1 0 1
00F 81 1 0 1
00F 81 1 0 1
00F 81 1 0 1
00F 81 1 0 1
00F 81 1 0 1
00F 81 1 0 1
00F 81 1 0 1
00F 81 1 0 1
00F 81 1 0 1
00F 81 1 0 1
00F 81 0 0 1
00F 81 0 0 1
00F 81 0 0 1
08F FF 0 0 1
08F FF 0 0 1
08F FF 0 0 1
08F FF 0 0 1
08F FF 0 0 1
08F FF 0 0 1
08F FF 0 0 1
08F FF 0 0 1
08B FF 0 0 1
08B FF 0 0 1
083 7F 0 0 1
083 7F 0 0 1
083 7F 0 0 1
083 7F 0 0 1
082 7F 0 0 1
082 7F 0 0 1
082 7F 0 0 1
080 7F 0 0 1
000 00 0 1 0
000 00 0 1 0
000 00 0 1 0
080 00 0 0 0
080 00 0 0 0
080 00 0 0 0
080 0F 0 0 0
000 00 1 1 0
000 00 1 1 0
000 00 1 1 0
000 00 1 0 0
00F 81 1 0 0
00F 81 1 0 1
00F 81 0 0 1
000 01 0 1 0
000 00 0 1 0
000 00 0 1 0
000 00 0 1 0
080 00 0 0 0
081 00 0 0 0
081 0F 0 0 0
081 0F 0 0 0
081 0F 0 0 0
081 0F 0 0 0
081 0F 0 0 0
081 0F 0 0 0
081 0F 0 0 0
081 0F 0 0 0
081 0F 0 0 0
081 0F 0 0 0
081 0F 0 0 0
000 0F 1 1 0
000 00 1 1 0
000 00 1 1 0
000 00 1 0 0
00F 81 1 0 0
00F 81 1 0 1
00F 81 0 0 1
000 01 0 1 1
000 00 0 1 0
000 00 0 1 0
000 00 0 1 0
080 00 0 0 0
081 00 0 0 0
081 07 0 0 0
081 0F 0 0 0
000 0F 0 1 0
000 00 1 1 0
000 00 1 1 0
000 00 1 1 0
003 01 1 0 0
00F 81 1 0 1
00F 81 1 0 1
008 81 0 0 1
000 00 0 1 0
000 00 0 1 0
000 00 0 1 0

080 00 0 0 0 P2
081 00 0 0 0 
081 02 0 0 0
081 0F 0 0 0

000 00 1 1 0 P3
000 00 1 1 0
000 00 1 1 0

000 00 1 0 0 P4
00F 81 1 0 0
00F 81 1 0 1
00F 81 0 0 1

000 00 0 1 0 P1
000 00 0 1 0
000 00 0 1 0

000 00 0 0 0 P2
081 00 0 0 0
081 00 0 0 0
081 0F 0 0 0

000 0F 0 1 0 P3
000 00 1 1 0
000 00 1 1 0
000 00 1 1 0

003 01 1 0 0 P4
00F 81 1 0 1
00F 81 1 0 1
000 01 0 0 1

000 00 0 1 0 P1
000 00 0 1 0
000 00 0 1 0

080 00 0 0 0 P2
081 00 0 0 0
081 02 0 0 0
081 0F 1 0 0

000 00 1 1 0 P3
000 00 1 1 0
000 00 1 1 0

000 00 1 0 0 P4
00F C5 1 0 0
FDF C5 1 0 0
FFF C5 0 0 0

000 00 0 1 0 P1
000 00 0 1 0
000 00 0 1 0

000 00 0 0 0 P2
0C5 70 0 0 0
0C5 7F 0 0 0
0C5 7F 1 0 0

000 7F 1 1 0 P3
000 00 1 1 0
000 00 1 1 0
000 00 1 1 0

FDF F0 1 0 0 P4    F0
FFF F0 1 0 0
FFF F0 0 0 0

------------------------------

000 70 1 1 0 P1
000 00 0 1 0
000 00 0 1 0
000 00 0 1 0

082 00 0 0 0 P2   ROM 82 = F8
082 70 0 0 0      Address 0F8 for second byte
082 7F 0 0 0
082 7F 1 0 0

000 00 1 1 0 P3
000 00 1 1 0
000 00 1 1 0

000 00 1 0 0 P4     F8
00F F8 1 0 0
00F F8 1 0 0
00F F8 0 0 0

000 00 0 1 0 P1
000 00 0 1 0
000 00 0 1 0

000 00 0 0 0 P2   Second byte of F8 opcode
0F8 F0 0 0 0
0F8 F0 0 0 0
0F8 F0 1 0 0

000 00 1 1 0 P3
000 00 1 1 0
000 00 1 1 0
000 00 1 1 0

00F D3 1 0 0 P4     D3
00F D3 1 0 0        Second byte = D3, so transfer addr =
00F D3 0 0 0        1D3

000 53 0 1 0 P1
000 00 0 1 0
000 00 0 1 0
000 00 0 1 0

--------------------

Transfer to subroutine at 1D3

1D3 00 0 0 0 P2 ROM AD=1D3
1D3 70 0 0 0    RAM Read
1D3 70 0 0 0
1D3 70 1 0 0

000 00 1 1 0 P3
000 00 1 1 0
000 00 1 1 0

000 00 1 0 0 P4
00F FD 1 0 0     FD ROM 
00F FD 1 0 0
00F FD 0 0 0     FD is another TM
                 Addr for 2nd byte = 000011111101 (0FD)

000 00 0 1 0 P1
000 00 0 1 0
000 00 0 1 0

000 00 0 0 0 P2
1D4 70 0 0 0
1D4 70 0 0 0
1D4 70 1 0 0

000 00 1 1 0 P3
000 00 1 1 0
000 00 1 1 0
000 00 1 1 0

00F F7 1 0 0 P4
00F F7 1 0 0
00F F7 0 0 0

000 77 0 1 0
000 00 0 1 0
000 00 0 1 0
000 00 0 1 0

1D1 00 0 0 0
1D5 50 0 0 0
1D5 50 1 0 0
1D5 50 1 0 0

000 00 1 1 0
000 00 1 1 0
000 00 1 1 0

000 00 1 0 0
00F 8D 1 0 0
00F 8D 1 0 0
00F 8D 0 0 0

000 00 0 1 0
000 00 0 1 0
000 00 0 1 0
000 00 0 0 0
1D6 50 0 0 0
1D6 50 0 0 0
1D6 50 1 0 0
000 00 1 1 0
000 00 1 1 0
000 00 1 1 0
000 00 1 1 0
00F 9E 1 0 0
00F 9E 1 0 0
00F 9E 0 0 0
000 1E 0 1 0
000 00 0 1 0
000 00 0 1 0
000 00 0 1 0
1D7 00 0 0 0
1D7 50 0 0 0
1D7 50 1 0 0
000 50 1 0 0
000 00 1 1 0
000 00 1 1 0
000 00 1 1 0

000 00 1 0 0
00F 85 1 0 0
00F 85 1 0 0
00F 85 0 0 0

000 00 0 1 0
000 00 0 1 0
000 00 0 1 0

000 00 0 0 0
083 50 0 0 0
083 50 0 0 0
083 50 1 0 0

000 00 1 1 0
000 00 1 1 0
000 00 1 1 0
000 00 1 0 0
00F BA 1 0 0
00F BA 1 0 0
00F BA 0 0 0
000 3A 0 1 0
000 00 0 1 0
000 00 0 1 0
000 00 0 1 0
0BA D0 0 0 0
0BA D0 0 0 0
0BA D0 1 0 0
000 50 1 1 0
000 00 1 1 0
000 00 1 1 0
000 00 1 1 0
000 00 1 0 0
00F C6 1 0 0
00F C6 1 0 0
00F C6 0 0 0
000 00 0 1 0
000 00 0 1 0
000 00 0 1 0
000 00 0 0 0
0C6 50 0 0 0
0C6 50 0 0 0
0C6 50 1 0 0
000 00 1 1 0
000 00 1 1 0
000 00 1 1 0
000 00 1 0 0
00F C1 1 0 0
00F C1 1 0 0
00F C1 0 0 0
000 41 0 1 0
000 00 0 1 0
000 00 0 1 0
000 00 0 1 0
0BB D0 0 0 0
0BB D0 0 0 0
0BB D0 1 0 0
000 50 1 1 0
000 00 1 1 0
000 00 1 1 0
000 00 1 1 0
000 60 1 0 0
03E E9 1 0 0
03E E9 1 0 0
03E E9 0 0 0
000 00 0 1 0
000 00 0 1 0
000 00 0 1 0
000 00 0 0 0
0E9 D0 0 0 0
0E9 D0 0 0 0
0E9 D0 1 0 0
000 00 1 1 0
000 00 1 1 0
000 00 1 1 0
000 00 1 0 0
03E CE 1 0 0
03E CE 1 0 0
03E CE 0 0 0
000 4E 0 1 0
000 00 0 1 0
000 00 0 1 0
000 00 0 1 0
14E D0 0 0 0
14E D0 0 0 0
14E D0 1 0 0
000 50 1 1 0
000 00 1 1 0
000 00 1 1 0
000 00 1 1 0
006 7F 1 0 0
03E FF 1 0 0
03E FF 1 0 0
03E FF 0 0 0
000 00 0 1 0
000 00 0 1 0
000 00 0 1 0
000 00 0 0 0
14F D0 0 0 0
14F D0 0 0 0
14F D0 1 0 0
000 00 1 1 0
000 00 1 1 0
000 00 1 1 0
000 00 1 0 0
03E F8 1 0 0
03E F8 1 0 0
03E F8 0 0 0
000 08 0 1 0
000 00 0 1 0
000 00 0 1 0
000 00 0 1 0
150 70 0 0 0
150 70 0 0 0
150 70 1 0 0
000 70 1 1 0
000 00 1 1 0
000 00 1 1 0
000 00 1 1 0
006 74 1 0 0
03E F4 1 0 0
03E F4 1 0 0
03E F4 0 0 0
000 00 0 1 0
000 00 0 1 0
000 00 0 1 0
000 00 0 0 0
151 70 0 0 0
151 70 0 0 0
151 70 1 0 0
000 00 1 1 0
000 00 1 1 0
000 00 1 1 0
000 00 1 0 0
03E F2 1 0 0
03E F2 1 0 0
03E F2 0 0 0
000 00 0 1 0
000 00 0 1 0
000 00 0 1 0
000 00 0 1 0
152 70 0 0 0
152 70 0 0 0
152 70 1 0 0
000 70 1 1 0
000 00 1 1 0
000 00 1 1 0
000 00 1 1 0
01E F1 1 0 0
03E F1 1 0 0
03E F1 1 0 0
002 71 0 0 0
000 00 0 1 0
000 00 0 1 0
000 00 0 1 0
000 00 0 0 0
153 70 0 0 0
153 70 0 0 0
153 70 1 0 0
000 00 1 1 0
000 00 1 1 0
000 00 1 1 0
000 00 1 0 0
03E 8D 1 0 0
03E 8D 1 0 0
03E 8D 0 0 0
000 00 0 1 0
000 00 0 1 0
000 00 0 1 0
000 00 0 0 0
154 70 0 0 0
154 70 0 0 0
154 70 1 0 0
000 70 1 1 0
000 00 1 1 0
000 00 1 1 0
000 00 1 1 0
01E BF 1 0 0
03E BF 1 0 0
03E BF 1 0 0
000 3F 0 0 0
000 00 0 1 0
000 00 0 1 0
000 00 0 1 0
000 00 0 0 0
155 70 0 0 1
155 70 0 0 1
155 70 1 0 1
000 00 1 1 0
000 00 1 1 0
000 00 1 1 0
000 00 1 0 0
03E 85 1 0 0
03E 85 1 0 0
03E 85 0 0 0
000 00 0 1 0
000 00 0 1 0
000 00 0 1 0
000 00 0 0 0
0BC 8F 0 0 0
0BC 8F 0 0 0
0BC 8F 1 0 0
000 0F 1 1 0
000 00 1 1 0
000 00 1 1 0
000 00 1 1 0
01E 85 1 0 0
03E 85 1 0 0
03E 85 0 0 0
000 05 0 1 0
000 00 0 1 0
000 00 0 1 0
000 00 0 1 0
000 0F 0 0 0
000 0F 0 0 0
000 0F 0 0 0
000 0F 1 0 0
000 00 1 1 0
000 00 1 1 0
000 00 1 1 0
000 00 1 0 0
03E 81 1 0 0
03E 81 1 0 0
03E 81 0 0 0
000 00 0 1 0
000 00 0 1 0
000 00 0 1 0
000 00 0 0 0
001 0F 0 0 0
001 0F 0 0 0
001 0F 1 0 0
000 0F 1 1 0
000 00 1 1 0
000 00 1 1 0
000 00 1 1 0
01E 82 1 0 0
03E 82 1 0 0
03E 82 0 0 0
000 02 0 1 0
000 00 0 1 0
000 00 0 1 0
000 00 0 1 0
002 0F 0 0 0
002 0F 0 0 0
002 0F 0 0 0
002 0F 1 0 0
000 00 1 1 0
000 00 1 1 0
000 00 1 1 0
000 00 1 0 0
03E F4 1 0 0
03E F4 1 0 0
03E F4 0 0 0
000 00 0 1 0
000 00 0 1 0
000 00 0 1 0
000 00 0 0 0
003 0F 0 0 0
003 0F 0 0 0
003 0F 1 0 0
000 0F 1 1 0
000 00 1 1 0
000 00 1 1 0
000 00 1 1 0
03E 9C 1 0 0
03E 9C 1 0 0
03E 9C 0 0 0
000 1C 0 1 0
000 00 0 1 0
000 00 0 1 0
000 00 0 1 0
004 0F 0 0 0
004 4F 0 0 0
004 4F 1 0 0
004 4F 1 0 0
000 00 1 1 0
000 00 1 1 0
000 00 1 1 0
000 00 1 0 0
03E 9E 1 0 1
03E 9E 1 0 1
03E 9E 0 0 1
000 00 0 1 0
000 00 0 1 0
000 00 0 1 0
000 00 0 0 0
005 40 0 0 0
005 40 0 0 0
005 40 1 0 0
000 00 1 1 0
000 00 1 1 0
000 00 1 1 0
000 00 1 1 0
03E FE 1 0 0
03E FE 1 0 0
03E FE 0 0 0
000 7E 0 1 0
000 00 0 1 0
000 00 0 1 0
000 00 0 1 0
006 0F 0 0 0
006 0F 0 0 0
006 0F 1 0 0
002 0F 1 0 0
000 00 1 1 0
000 00 1 1 0
000 00 1 1 0
000 00 1 0 0
03E 9C 1 0 0
03E 9C 1 0 0
03E 9C 0 0 0
000 00 0 1 0
000 00 0 1 0
000 00 0 1 0
000 00 0 0 0
007 6F 0 0 0
007 6F 0 0 0
007 6F 1 0 0
000 00 1 1 0
000 00 1 1 0
000 00 1 1 0
000 00 1 0 0
03E 9D 1 0 1
03E 9D 1 0 1
03E 9D 0 0 1
000 1D 0 1 1
000 00 0 1 0
000 00 0 1 0
000 00 0 1 0
008 E8 0 0 0
008 E8 0 0 0
008 E8 1 0 0
000 68 1 0 0
000 00 1 1 0
000 00 1 1 0
000 00 1 1 0
000 00 1 0 0
03E CA 1 0 0
03E CA 1 0 0
03E CA 0 0 0
000 00 0 1 0
000 00 0 1 0
000 00 0 1 0
000 0F 0 0 0
0CA 8F 0 0 0
0CA 8F 0 0 0
0CA 8F 1 0 0
000 00 1 1 0
000 00 1 1 0
000 00 1 1 0
000 00 1 0 0
03E ED 1 0 0
03E ED 1 0 0
03E ED 0 0 0
000 6D 0 1 0
000 00 0 1 0
000 00 0 1 0
000 00 0 1 0
009 8F 0 0 0
009 8F 0 0 0
009 8F 1 0 0
000 0F 1 1 0
000 00 1 1 0
000 00 1 1 0
000 00 1 1 0
000 7C 1 0 0
012 7D 1 0 0
012 7D 1 0 0
012 7D 0 0 0
000 00 0 1 0
000 00 0 1 0
000 00 0 1 0
000 00 0 0 0
0FD 80 0 0 0
0FD 80 0 0 0
0FD 80 1 0 0
000 00 1 1 0
000 00 1 1 0
000 00 1 1 0
000 00 1 0 0
012 76 1 0 0
012 76 1 0 0
012 76 0 0 0
000 76 0 1 0
000 00 0 1 0
000 00 0 1 0
000 00 0 1 0
1F6 00 0 0 0
1F6 00 0 0 0
1F6 00 1 0 0
000 00 1 1 0
000 00 1 1 0
000 00 1 1 0
000 00 1 1 0
000 7F 1 0 0
012 7F 1 0 0
012 7F 1 0 0
012 7F 0 0 0
000 00 0 1 0
000 00 0 1 0
000 00 0 1 0
000 00 0 0 0
1F7 00 0 0 0
1F7 00 0 0 0
1F7 00 1 0 0
000 00 1 1 0
000 00 1 1 0
000 00 1 1 0
000 00 1 0 0
012 2F 1 0 0
012 2F 1 0 0
012 2F 0 0 0
000 0F 0 1 0
000 00 0 1 0
000 00 0 1 0
000 00 0 1 0
1F8 F0 0 0 0
1F8 F0 0 0 1
1F8 F0 1 0 1
000 70 1 1 1
000 00 1 1 0
000 00 1 1 0
000 00 1 1 0
000 36 1 0 0
011 36 1 0 0
011 36 1 0 0
011 36 0 0 0
000 00 0 1 0
000 00 0 1 0
000 00 0 1 0
000 00 0 0 0
1F6 00 0 0 0
1F6 00 0 0 0
1F6 00 1 0 0
000 00 1 1 0
000 00 1 1 0
000 00 1 1 0
000 00 1 0 0
011 7F 1 0 0
011 7F 1 0 0
011 7F 0 0 0
000 0D 0 1 0
000 00 0 1 0
000 00 0 1 0
000 00 0 1 0
1F7 00 0 0 0
1F7 00 0 0 0
1F7 00 1 0 0
000 00 1 1 0
000 00 1 1 0
000 00 1 1 0
000 00 1 1 0
001 2F 1 0 0
011 2F 1 0 0
011 2F 1 0 0
011 2F 0 0 0
000 00 0 1 0
000 00 0 1 0
000 00 0 1 0
000 00 0 0 0
1F8 F0 0 0 1
1F8 F0 0 0 1
1F8 F0 1 0 1
000 00 1 1 0
000 00 1 1 0
000 00 1 1 0
000 00 1 0 0
010 36 1 0 0
010 36 1 0 0
010 36 0 0 0
000 00 0 1 0
000 00 0 1 0
000 00 0 1 0
000 00 0 1 0
1F6 00 0 0 0
1F6 00 0 0 0
1F6 00 1 0 0
000 00 1 1 0
000 00 1 1 0
000 00 1 1 0
000 00 1 1 0
010 7F 1 0 0
010 7F 1 0 0
010 7F 1 0 0
010 7F 0 0 0
000 00 0 1 0
000 00 0 1 0
000 00 0 1 0
000 00 0 0 0
1F7 00 0 0 0
1F7 00 0 0 0
1F7 00 1 0 0
000 00 1 1 0
000 00 1 1 0
000 00 1 1 0
000 00 1 0 0
010 2F 1 0 0
010 2F 1 0 0
010 2F 0 0 0
000 00 0 1 0
000 00 0 1 0
000 00 0 1 0
000 00 0 0 0
1F8 F0 0 0 0
1F8 F0 0 0 1
1F8 F0 1 0 1
000 70 1 1 1
000 00 1 1 0
000 00 1 1 0
000 00 1 1 0
016 36 1 0 0
01F B6 1 0 0
01F B6 1 0 0
000 36 0 0 0
000 00 0 1 0
000 00 0 1 0
000 00 0 1 0
040 00 0 0 0
1F9 80 0 0 0
1F9 80 0 0 0
1F9 80 1 0 0
000 00 1 1 0
000 00 1 1 0
000 00 1 1 0
000 00 1 0 0
01F 85 1 0 0
01F 85 1 0 0
01F 85 0 0 0
000 00 0 1 0
000 00 0 1 0
000 00 0 1 0
000 00 0 0 0
00A 80 0 0 0
00A 80 0 0 0
00A 80 1 0 0
000 00 1 1 0
000 00 1 1 0
000 00 1 1 0
000 00 1 1 0
01F 82 1 0 0
01F 82 1 0 0
01F 82 0 0 0
000 02 0 1 0
000 00 0 1 0
000 00 0 1 0
000 00 0 1 0
003 00 0 0 0
00B 80 0 0 0
00B 80 0 0 0
00B 80 1 0 0
000 00 1 1 0
000 00 1 1 0
000 00 1 1 0
000 00 1 0 0
01F C4 1 0 0
01F C4 1 0 0
01F C4 0 0 0
000 00 0 1 0
000 00 0 1 0
000 00 0 1 0
000 00 0 0 0
244 00 0 0 0
244 00 0 0 0
244 00 1 0 0
000 00 1 1 0
000 00 1 1 0
000 00 1 1 0
000 00 1 1 0
01F DC 1 0 0
01F DC 1 0 0
01F DC 0 0 0
000 5C 0 1 0
000 00 0 1 0
000 00 0 1 0
000 00 0 1 0
041 00 0 0 0
245 00 0 0 0
245 00 0 0 0
245 00 1 0 0
000 00 1 1 0
000 00 1 1 0
000 00 1 1 0
000 00 1 0 0
01F EF 1 0 0
01F EF 1 0 0
01F EF 0 0 0
000 00 0 1 0
000 00 0 1 0
000 00 0 1 0
000 00 0 0 0
C6F 80 0 0 0
C6F 80 0 0 0
C6F 80 1 0 0
000 00 1 1 0
000 00 1 1 0
000 00 1 1 0
000 00 1 1 0
01F C4 1 0 0
01F C4 1 0 0
01F C4 0 0 0
000 44 0 1 0
000 00 0 1 0
000 00 0 1 0
000 00 0 1 0
0C4 00 0 0 0
0C4 00 0 0 0
0C4 00 1 0 0
0C4 00 1 0 0
000 00 1 1 0
000 00 1 1 0
000 00 1 1 0
000 00 1 0 0
01F C0 1 0 0
01F C0 1 0 0
01F C0 0 0 0
000 00 0 1 0
000 00 0 1 0
000 00 0 1 0
000 00 0 0 0
C70 00 0 0 0
C70 00 0 0 0
C70 00 1 0 0
000 00 1 1 0
000 00 1 1 0
000 00 1 1 0
000 00 1 1 0
03F CA 1 0 0
03F CA 1 0 0
03F CA 0 0 0
000 4A 0 1 0
000 00 0 1 0
000 00 0 1 0
000 00 0 1 0
0CA 80 0 0 0
0CA 80 0 0 0
0CA 80 1 0 0
00A 80 1 0 0
000 00 1 1 0
000 00 1 1 0
000 00 1 1 0
000 00 1 0 0
03F ED 1 0 0
03F ED 1 0 0
03F ED 0 0 0
000 00 0 1 0
000 00 0 1 0
000 00 0 1 0
000 00 0 0 0
C71 00 0 0 0
C71 00 0 0 0
C71 00 1 0 0
000 00 1 1 0
000 00 1 1 0
000 00 1 1 0
000 00 1 0 0
03F 82 1 0 0
03F 82 1 0 0
03F 82 0 0 0
000 02 0 1 0
000 00 0 1 0
000 00 0 1 0
000 00 0 1 0
C72 00 0 0 0
C72 00 0 0 0
C72 00 1 0 0
000 00 1 0 0
000 00 1 1 0
000 00 1 1 0
000 00 1 1 0
000 00 1 0 0
03F D9 1 0 0
03F D9 1 0 0
03F D9 0 0 0
000 00 0 1 0
000 00 0 1 0
000 00 0 1 0
000 00 0 0 0
000 00 1 1 0
000 00 1 1 0
000 00 1 1 0
000 00 1 0 0
03F D9 1 0 0
03F D9 1 0 0
03F D9 0 0 0
000 00 0 1 0
000 00 0 1 0
000 00 0 1 0
000 00 0 0 0
25A 80 0 0 0
25A 80 0 0 0
25A 80 1 0 0
000 00 1 1 0
000 00 1 1 0
000 00 1 1 0
000 00 1 1 0
01F 80 1 0 0
03F 80 1 0 0
03F 80 1 0 0
000 00 0 0 0
000 00 0 1 0
000 00 0 1 0
000 00 0 1 0
900 00 0 0 0
900 00 0 0 0
900 00 0 0 0
900 00 1 0 0
000 00 1 1 0
000 00 1 1 0
000 00 1 1 0
000 00 1 0 0
03F A1 1 0 0
03F A1 1 0 0
03F A1 0 0 0
000 00 0 1 0
000 00 0 1 0
000 00 0 1 0
000 00 0 0 0
901 00 0 0 0
901 00 0 0 0
901 00 1 0 0
000 00 1 1 0
000 00 1 1 0
000 00 1 1 0
000 00 1 1 0
01F 83 1 0 0
03F 83 1 0 0
03F 83 0 0 0
000 03 0 1 0
000 00 0 1 0
000 00 0 1 0
000 00 0 1 0
003 00 0 0 0
903 00 0 0 0
903 00 0 0 0
903 00 1 0 0
000 00 1 1 0
000 00 1 1 0
000 00 1 1 0
000 00 1 0 0
03F E6 1 0 0
03F E6 1 0 0
03F E6 0 0 0
000 00 0 1 0
000 00 0 1 0
000 00 0 1 0
000 00 0 0 0
0E6 00 0 0 0
0E6 00 0 0 0
0E6 00 1 0 0
000 00 1 1 0
000 00 1 1 0
000 00 1 1 0
000 00 1 1 0
01F 8B 1 0 0
03F 8B 1 0 0
03F 8B 0 0 0
000 0B 0 1 0
000 00 0 1 0
000 00 0 1 0
000 00 0 1 0
10B 80 0 0 0
10B 80 0 0 0
10B 80 0 0 0
10B 80 1 0 0
000 00 1 1 0
000 00 1 1 0
000 00 1 1 0
000 00 1 0 0
03F B7 1 0 0
03F B7 1 0 0
03F B7 0 0 0
000 00 0 1 0
000 00 0 1 0
000 00 0 1 0
000 00 0 0 0
10C 80 0 0 0
10C 80 0 0 0
10C 80 1 0 0
000 00 1 1 0
000 00 1 1 0
000 00 1 1 0
000 00 1 1 0
03F 93 1 0 0
03F 93 1 0 0
03F 93 0 0 0
000 13 0 1 0
000 00 0 1 0
000 00 0 1 0
000 00 0 1 0
10D 80 0 0 0
10D 80 0 0 0
10D 80 1 0 0
10D 80 1 0 0
000 00 1 1 0
000 00 1 1 0
000 00 1 1 0
000 00 1 0 0
00F AF 1 0 0
00F AF 1 0 0
00F AF 0 0 0
000 00 0 1 0
000 00 0 1 0
000 00 0 1 0
000 00 0 0 0
10E 80 0 0 1
10E 80 0 0 1
10E 80 1 0 1
000 00 1 1 0
000 00 1 1 0
000 00 1 1 0
000 00 1 1 0
03E 8B 1 0 0
03E 8B 1 0 0
03E 8B 0 0 0
000 0B 0 1 0
000 00 0 1 0
000 00 0 1 0
000 00 0 1 0
10B 8F 0 0 0
10B 8F 0 0 0
10B 8F 1 0 0
008 8F 1 0 0
000 00 1 1 0
000 00 1 1 0
000 00 1 1 0
000 00 1 0 0
03E B7 1 0 0
03E B7 1 0 0
03E B7 0 0 0
000 00 0 1 0
000 00 0 1 0
000 00 0 1 0
000 00 0 0 0
10C 8F 0 0 0
10C 8F 0 0 0
10C 8F 1 0 0
000 00 1 1 0
000 00 1 1 0
000 00 1 1 0
000 00 1 0 0
03E 93 1 0 0
03E 93 1 0 0
03E 93 0 0 0
000 13 0 1 0
000 00 0 1 0
000 00 0 1 0
000 00 0 1 0
10D FF 0 0 0
10D FF 0 0 0
10D FF 1 0 0
000 7F 1 0 0
000 00 1 1 0
000 00 1 1 0
000 00 1 1 0
000 06 1 0 0
00E AF 1 0 0
00E AF 1 0 0
00E AF 0 0 0
000 00 0 1 0
000 00 0 1 0
000 00 0 1 0
000 00 0 0 0
10E F0 0 0 1
10E F0 0 0 1
10E F0 1 0 1
000 00 1 1 0
000 00 1 1 0
000 00 1 1 0
000 00 1 0 0
03D 8B 1 0 0
03D 8B 1 0 0
03D 8B 0 0 0
000 0B 0 1 0
000 00 0 1 0
000 00 0 1 0
000 00 0 1 0
10B 80 0 0 0
10B 80 0 0 0
10B 80 1 0 0
000 00 1 1 0
000 00 1 1 0
000 00 1 1 0
000 00 1 1 0
000 07 1 0 0
03D B7 1 0 0
03D B7 1 0 0
03D B7 0 0 0
000 00 0 1 0
000 00 0 1 0
000 00 0 1 0
000 00 0 0 0
10C 80 0 0 0
10C 80 0 0 0
10C 80 1 0 0
000 00 1 1 0
000 00 1 1 0
000 00 1 1 0
000 00 1 0 0
03D 93 1 0 0
03D 93 1 0 0
03D 93 0 0 0
000 13 0 1 0
000 00 0 1 0
000 00 0 1 0
000 00 0 1 0
10D 80 0 0 0
10D 80 0 0 0
10D 80 1 0 0
000 00 1 1 0
000 00 1 1 0
000 00 1 1 0
000 00 1 1 0
001 07 1 0 0
00D AF 1 0 0
00D AF 1 0 0
00D AF 0 0 0
000 00 0 1 0
000 00 0 1 0
000 00 0 1 0
000 00 0 0 0
10E 80 0 0 1
10E 80 0 0 1
10E 80 1 0 1
000 00 1 1 0
000 00 1 1 0
000 00 1 1 0
000 00 1 0 0
03C 8B 1 0 0
03C 8B 1 0 0
03C 8B 0 0 0
000 0B 0 1 0
000 00 0 1 0
000 00 0 1 0
000 00 0 1 0
10B 80 0 0 0
10B 80 0 0 0
10B 80 1 0 0
000 00 1 1 0
000 00 1 1 0
000 00 1 1 0
000 00 1 1 0
004 37 1 0 0
03C B7 1 0 0
03C B7 1 0 0
03C B7 0 0 0
000 00 0 1 0
000 00 0 1 0
000 00 0 1 0
000 00 0 0 0
10C 80 0 0 0
10C 80 0 0 0
10C 80 1 0 0
000 00 1 1 0
000 00 1 1 0
000 00 1 1 0
000 00 1 0 0
03C 93 1 0 0
03C 93 1 0 0
03C 93 0 0 0
000 03 0 1 0
000 00 0 1 0
000 00 0 1 0
000 00 0 1 0
10D 80 0 0 0
10D 80 0 0 0
10D 80 1 0 0
000 00 1 1 0
000 00 1 1 0
000 00 1 1 0
000 00 1 1 0
004 2F 1 0 0
00C AF 1 0 0
00C AF 1 0 0
00C AF 0 0 0
000 00 0 1 0
000 00 0 1 0
000 00 0 1 0
000 00 0 0 0
10E 80 0 0 1
10E 80 0 0 1
10E 80 1 0 1
000 00 1 1 0
000 00 1 1 0
000 00 1 1 0
000 00 1 0 0
03B 8B 1 0 0
03B 8B 1 0 0
03B 8B 0 0 0
000 00 0 1 0
000 00 0 1 0
000 00 0 1 0
000 00 0 1 0
10B 80 0 0 0
10B 80 0 0 0
10B 80 1 0 0
000 00 1 1 0
000 00 1 1 0
000 00 1 1 0
000 00 1 1 0
003 37 1 0 0
03B B7 1 0 0
03B B7 1 0 0
02A B7 0 0 0
000 00 0 1 0
000 00 0 1 0
000 00 0 1 0
000 00 0 0 0
10C 80 0 0 0
10C 80 0 0 0
10C 80 1 0 0
000 00 1 1 0
000 00 1 1 0
000 00 1 1 0
000 00 1 0 0
03B 93 1 0 0
03B 93 1 0 0
03B 93 0 0 0
000 00 0 1 0
000 00 0 1 0
000 00 0 1 0
000 00 0 0 0
10D 80 0 0 0
10D 80 0 0 0
10D 80 1 0 0
000 00 1 1 0
000 00 1 1 0
000 00 1 1 0
000 00 1 1 0
003 2F 1 0 0
00B AF 1 0 0
00B AF 0 0 0
000 2F 0 0 0
000 00 0 1 0
000 00 0 1 0
000 00 0 1 0
000 00 0 0 0
10E 80 0 0 1
10E 80 0 0 1
10E 80 1 0 1
000 00 1 1 0
000 00 1 1 0
000 00 1 1 0
000 00 1 0 0
03A 8B 1 0 0
03A 8B 1 0 0
03A 8B 0 0 0
000 00 0 1 0
000 00 0 1 0
000 00 0 1 0
000 00 0 0 0
10B 80 0 0 0
10B 80 0 0 0
10B 80 1 0 0
000 00 1 1 0
000 00 1 1 0
000 00 1 1 0
000 00 1 1 0
01A B7 1 0 0
03A B7 1 0 0
03A B7 0 0 0
000 37 0 1 0
000 00 0 1 0
000 00 0 1 0
000 00 0 1 0
000 00 0 0 0
10C 80 0 0 0
10C 80 0 0 0
10C 80 1 0 0
000 00 1 1 0
000 00 1 1 0
000 00 1 1 0
000 00 1 0 0
03A 93 1 0 0
03A 93 1 0 0
03A 93 0 0 0
000 00 0 1 0
000 00 0 1 0
000 00 0 1 0
000 00 0 0 0
10D 80 0 0 0
10D 80 0 0 0
10D 80 1 0 0
000 00 1 1 0
000 00 1 1 0
000 00 1 1 0
000 00 1 1 0
00A AF 1 0 0
00A AF 1 0 0
00A AF 0 0 0
000 2F 0 1 0
000 00 0 1 0
000 00 0 1 0
000 00 0 1 0
002 00 0 0 0
10E 80 0 0 1
10E 80 0 0 1
10E 80 1 0 1
000 00 1 1 0
000 00 1 1 0
000 00 1 1 0
000 00 1 0 0
039 8B 1 0 0
039 8B 1 0 0
039 8B 0 0 0
000 00 0 1 0
000 00 0 1 0
000 00 0 1 0
000 00 0 0 0
10B 80 0 0 0
10B 80 0 0 0
10B 80 1 0 0
000 00 1 1 0
000 00 1 1 0
000 00 1 1 0
000 00 1 1 0
039 B7 1 0 0
039 B7 1 0 0
039 B7 0 0 0
000 37 0 1 0
000 00 0 1 0
000 00 0 1 0
000 00 0 1 0
100 00 0 0 0
10C 80 0 0 0
10C 80 1 0 0
10C 80 1 0 0
000 00 1 1 0
000 00 1 1 0
000 00 1 1 0
000 00 1 0 0
039 93 1 0 0
039 93 1 0 0
039 93 0 0 0
000 00 0 1 0
000 00 0 1 0
000 00 0 1 0
000 00 0 0 0
10D 80 0 0 0
10D 80 0 0 0
10D 80 1 0 0
000 00 1 1 0
000 00 1 1 0
000 00 1 1 0
000 00 1 1 0
009 AF 1 0 0
009 AF 1 0 0
009 AF 0 0 0
000 2F 0 1 0
000 00 0 1 0
000 00 0 1 0
000 00 0 1 0
10E 80 0 0 0
10E 80 0 0 1
10E 80 1 0 1
10E 80 1 0 1
000 00 1 1 0
000 00 1 1 0
000 00 1 1 0
000 00 1 0 0
038 8B 1 0 0
038 8B 1 0 0
038 8B 0 0 0
000 00 0 1 0
000 00 0 1 0
000 00 0 1 0
000 00 0 0 0
10B 80 0 0 0
10B 80 0 0 0
10B 80 1 0 0
000 00 1 1 0
000 00 1 1 0
000 00 1 1 0
000 00 1 1 0
038 B7 1 0 0
038 B7 1 0 0
038 B7 0 0 0
000 37 0 1 0
000 00 0 1 0
000 00 0 1 0
000 00 0 1 0
10C 80 0 0 0
10C 80 0 0 0
10C 80 1 0 0
000 00 1 0 0
000 00 1 1 0
000 00 1 1 0
000 00 1 1 0
000 00 1 0 0
038 93 1 0 0
038 93 1 0 0
038 93 0 0 0
000 00 0 1 0
000 00 0 1 0
000 00 0 1 0
000 00 0 0 0
10D 80 0 0 0
10D 80 0 0 0
10D 80 1 0 0
000 00 1 1 0
000 00 1 1 0
000 00 1 1 0
000 00 1 0 0
008 AF 1 0 0
008 AF 1 0 0
008 AF 0 0 0
000 2F 0 1 0
000 00 0 1 0
000 00 0 1 0
000 00 0 1 0
10E 80 0 0 0
10E 80 0 0 1
10E 80 1 0 1
000 00 1 0 1
000 00 1 1 0
000 00 1 1 0
000 00 1 1 0
000 00 1 0 0
037 0B 1 0 0
037 0B 1 0 0
037 0B 0 0 0
000 00 0 1 0
000 00 0 1 0
000 00 0 1 0
000 00 0 0 0
10B 80 0 0 0
10B 80 0 0 0
10B 80 1 0 0
000 00 1 1 0
000 00 1 1 0
000 00 1 1 0
000 00 1 0 0
037 37 1 0 0
037 37 1 0 0
037 37 0 0 0
000 37 0 1 0
000 00 0 1 0
000 00 0 1 0
000 00 0 1 0
10C 80 0 0 0
10C 80 0 0 0
10C 80 1 0 0
000 00 1 1 0
000 00 1 1 0
000 00 1 1 0
000 00 1 1 0
000 03 1 0 0
037 13 1 0 0
037 13 1 0 0
037 13 0 0 0
000 00 0 1 0
000 00 0 1 0
000 00 0 1 0
000 00 0 0 0
10D 80 0 0 0
10D 80 0 0 0
10D 80 1 0 0
000 00 1 1 0
000 00 1 1 0
000 00 1 1 0
000 00 1 0 0
007 2F 1 0 0
007 2F 1 0 0
007 2F 0 0 0
000 2F 0 1 0
000 00 0 1 0
000 00 0 1 0
000 00 0 1 0
10E 80 0 0 0
10E 80 0 0 1
10E 80 1 0 1
000 00 1 1 1
000 00 1 1 0
000 00 1 1 0
000 00 1 1 0
000 03 1 0 0
036 0B 1 0 0
036 0B 1 0 0
036 0B 0 0 0
000 00 0 1 0
000 00 0 1 0
000 00 0 1 0
000 00 0 0 0
10B 80 0 0 0
10B 80 0 0 0
10B 80 1 0 0
000 00 1 1 0
000 00 1 1 0
000 00 1 1 0
000 00 1 0 0
036 37 1 0 0
036 37 1 0 0
036 37 0 0 0
000 07 0 1 0
000 00 0 1 0
000 00 0 1 0
000 00 0 1 0
10C 80 0 0 0
10C 80 0 0 0
10C 80 1 0 0
000 00 1 1 0
000 00 1 1 0
000 00 1 1 0
000 00 1 1 0
002 13 1 0 0
036 13 1 0 0
036 13 1 0 0
036 13 0 0 0
000 00 0 1 0
000 00 0 1 0
000 00 0 1 0
000 00 0 0 0
10D 80 0 0 0
10D 80 0 0 0
10D 80 1 0 0
000 00 1 1 0
000 00 1 1 0
000 00 1 1 0
000 00 1 0 0
006 2F 1 0 0
006 2F 1 0 0
006 2F 0 0 0
000 0F 0 1 0
000 00 0 1 0
000 00 0 1 0
000 00 0 1 0
10E 80 0 0 0
10E 80 0 0 1
10E 80 1 0 1
000 00 1 1 1
000 00 1 1 0
000 00 1 1 0
000 00 1 1 0
000 0B 1 0 0
035 0B 1 0 0
035 0B 1 0 0
035 0B 0 0 0
000 00 0 1 0
000 00 0 1 0
000 00 0 1 0
000 00 0 0 0
10B 80 0 0 0
10B 80 0 0 0
10B 80 1 0 0
000 00 1 1 0
000 00 1 1 0
000 00 1 1 0
000 00 1 0 0
035 37 1 0 0
035 37 1 0 0
035 37 0 0 0
000 00 0 1 0
000 00 0 1 0
000 00 0 1 0
000 00 0 1 0
10C 80 0 0 0
10C 80 0 0 0
10C 80 1 0 0
000 00 1 1 0
000 00 1 1 0
000 00 1 1 0
000 00 1 1 0
005 13 1 0 0
035 13 1 0 0
035 13 1 0 0
000 13 0 0 0
000 00 0 1 0
000 00 0 1 0
000 00 0 1 0
000 00 0 0 0
10D 80 0 0 0
10D 80 0 0 0
10D 80 1 0 0
000 00 1 1 0
000 00 1 1 0
000 00 1 1 0
000 00 1 0 0
005 2F 1 0 0
005 2F 1 0 0
005 2F 0 0 0
000 00 0 1 0
000 00 0 1 0
000 00 0 1 0
000 00 0 0 0
10E 80 0 0 0
10E 80 0 0 1
10E 80 1 0 1
000 00 1 1 1
000 00 1 1 0
000 00 1 1 0
000 00 1 1 0
010 0B 1 0 0
034 0B 1 0 0
034 0B 1 0 0
000 0B 0 0 0
000 00 0 1 0
000 00 0 1 0
000 00 0 1 0
003 00 0 0 0
10B 80 0 0 0
10B 80 0 0 0
10B 80 1 0 0
000 00 1 1 0
000 00 1 1 0
000 00 1 1 0
000 00 1 0 0
034 37 1 0 0
034 37 1 0 0
034 37 0 0 0
000 00 0 1 0
000 00 0 1 0
000 00 0 1 0
000 00 0 0 0
10C 80 0 0 0
10C 80 0 0 0
10C 80 1 0 0
000 00 1 1 0
000 00 1 1 0
000 00 1 1 0
000 00 1 1 0
014 13 1 0 0
034 13 1 0 0
034 13 0 0 0
000 13 0 1 0
000 00 0 1 0
000 00 0 1 0
000 00 0 1 0
000 00 0 0 0
10D 80 0 0 0
10D 80 0 0 0
10D 80 1 0 0
000 00 1 1 0
000 00 1 1 0
000 00 1 1 0
000 00 1 0 0
004 2F 1 0 0
004 2F 1 0 0
004 2F 0 0 0
000 00 0 1 0
000 00 0 1 0
000 00 0 1 0
000 00 0 0 0
10E 80 0 0 0
10E 80 0 0 1
10E 80 1 0 1
000 00 1 1 0
000 00 1 1 0
000 00 1 1 0
000 00 1 1 0
013 0B 1 0 0
033 0B 1 0 0
033 0B 0 0 0
000 0B 0 1 0
000 00 0 1 0
000 00 0 1 0
000 00 0 1 0
00B 80 0 0 0
10B 80 0 0 0
10B 80 0 0 0
10B 80 1 0 0
000 00 1 1 0
000 00 1 1 0
000 00 1 1 0
000 00 1 0 0
033 37 1 0 0
033 37 1 0 0
033 37 0 0 0
000 00 0 1 0
000 00 0 1 0
000 00 0 1 0
000 00 0 0 0
10C 80 0 0 0
10C 80 0 0 0
10C 80 1 0 0
000 00 1 1 0
000 00 1 1 0
000 00 1 1 0
000 00 1 1 0
033 13 1 0 0
033 13 1 0 0
033 13 0 0 0
000 13 0 1 0
000 00 0 1 0
000 00 0 1 0
000 00 0 1 0
101 00 0 0 0
10D 80 0 0 0
10D 80 1 0 0
10D 80 1 0 0
000 00 1 1 0
000 00 1 1 0
000 00 1 1 0
000 00 1 0 0
003 2F 1 0 0
003 2F 1 0 0
003 2F 0 0 0
000 00 0 1 0
000 00 0 1 0
000 00 0 1 0
000 00 0 0 0
10E 80 0 0 1
10E 80 0 0 1
10E 80 1 0 1
000 00 1 1 0
000 00 1 1 0
000 00 1 1 0
000 00 1 1 0
032 0B 1 0 0
032 0B 1 0 0
032 0B 0 0 0
000 0B 0 1 0
000 00 0 1 0
000 00 0 1 0
000 00 0 1 0
10B 80 0 0 0
10B 80 0 0 0
10B 80 1 0 0
10A 80 1 0 0
000 00 1 1 0
000 00 1 1 0
000 00 1 1 0
000 00 1 0 0
032 37 1 0 0
032 37 1 0 0
032 37 0 0 0
000 00 0 1 0
000 00 0 1 0
000 00 0 1 0
000 00 0 0 0
10C 80 0 0 0
10C 80 0 0 0
10C 80 1 0 0
000 00 1 1 0
000 00 1 1 0
000 00 1 1 0
000 00 1 1 0
032 13 1 0 0
032 13 1 0 0
032 13 0 0 0
000 13 0 1 0
000 00 0 1 0
000 00 0 1 0
000 00 0 1 0
10D 80 0 0 0
10D 80 0 0 0
10D 80 1 0 0
000 00 1 0 0
000 00 1 1 0
000 00 1 1 0
000 00 1 1 0
000 00 1 0 0
002 2F 1 0 0
002 2F 1 0 0
002 2F 0 0 0
000 00 0 1 0
000 00 0 1 0
000 00 0 1 0
000 00 0 0 0
10E 80 0 0 1
10E 80 0 0 1
10E 80 1 0 1
000 00 1 1 0
000 00 1 1 0
000 00 1 1 0
000 00 1 0 0
031 0B 1 0 0
031 0B 1 0 0
031 0B 0 0 0
000 0B 0 1 0
000 00 0 1 0
000 00 0 1 0
000 00 0 1 0
10B 80 0 0 0
10B 80 0 0 0
10B 80 1 0 0
000 00 1 0 0
000 00 1 1 0
000 00 1 1 0
000 00 1 1 0
000 03 1 0 0
031 37 1 0 0
031 37 1 0 0
031 37 0 0 0
000 00 0 1 0
000 00 0 1 0
000 00 0 1 0
000 00 0 0 0
10C 80 0 0 0
10C 80 0 0 0
10C 80 1 0 0
000 00 1 1 0
000 00 1 1 0
000 00 1 1 0
000 00 1 0 0
031 13 1 0 0
031 13 1 0 0
031 13 0 0 0
000 13 0 1 0
000 00 0 1 0
000 00 0 1 0
000 00 0 1 0
10D 80 0 0 0
10D 80 0 0 0
10D 80 1 0 0
000 00 1 1 0
000 00 1 1 0
000 00 1 1 0
000 00 1 1 0
000 07 1 0 0
001 2F 1 0 0
001 2F 1 0 0
001 2F 0 0 0
000 00 0 1 0
000 00 0 1 0
000 00 0 1 0
000 00 0 0 0
10E 80 0 0 1
10E 80 0 0 1
10E 80 1 0 1
000 00 1 1 0
000 00 1 1 0
000 00 1 1 0
000 00 1 0 0
030 0B 1 0 0
030 0B 1 0 0
030 0B 0 0 0
000 0B 0 1 0
000 00 0 1 0
000 00 0 1 0
000 00 0 1 0
10B 80 0 0 0
10B 80 0 0 0
10B 80 1 0 0
000 00 1 1 0
000 00 1 1 0
000 00 1 1 0
000 00 1 1 0
000 17 1 0 0
030 37 1 0 0
030 37 1 0 0
030 37 0 0 0
000 00 0 1 0
000 00 0 1 0
000 00 0 1 0
000 00 0 0 0
10C 80 0 0 0
10C 80 0 0 0
10C 80 1 0 0
