78E 1F 1 0 0
78E 1F 1 0 0
78E 1F 0 0 0
000 1F 0 1 0
000 10 0 1 0
000 10 0 1 0
000 10 0 1 0
03E 15 0 0 0
03E 15 0 0 0
03E 15 1 0 0
000 15 1 1 0
000 10 1 1 0
000 10 1 1 0
000 10 1 0 0
604 1F 1 0 0
604 1F 1 0 0
604 1F 0 0 0
000 10 0 1 0
000 10 0 1 0
000 10 0 1 0
000 10 0 0 0
03E 15 0 0 0
03E 15 0 0 0
03E 15 1 0 0
000 10 1 1 0
000 10 1 1 0
000 10 1 1 0
000 10 1 0 0
78E 1F 1 0 0
78E 1F 1 0 0
78E 1F 0 0 0
000 10 0 1 0
000 10 0 1 0
000 10 0 1 0
000 10 0 0 0
03E 15 0 0 0
03E 15 0 0 0
03E 15 1 0 0
000 10 1 1 0
000 10 1 1 0
000 10 1 1 0
000 10 1 0 0
604 1F 1 0 0
604 1F 1 0 0
604 1F 0 0 0
000 10 0 1 0
000 10 0 1 0
000 10 0 1 0
000 10 0 0 0
03E 15 0 0 0
03E 15 0 0 0
03E 15 1 0 0
000 10 1 1 0
000 10 1 1 0
000 10 1 1 0
000 1F 1 0 0
78E 1F 1 0 0
78E 1F 1 0 0
78E 1F 0 0 0
000 10 0 1 0
000 10 0 1 0
000 10 0 1 0
000 10 0 0 0
03E 15 0 0 0
03E 15 0 0 0
03E 15 1 0 0
000 10 1 1 0
000 10 1 1 0
000 10 1 1 0
000 1F 1 0 0
604 1F 1 0 0
604 1F 1 0 0
604 1F 0 0 0
000 10 0 1 0
000 10 0 1 0
000 10 0 1 0
000 10 0 0 0
03E 15 0 0 0
03E 15 0 0 0
03E 15 1 0 0
000 10 1 1 0
000 10 1 1 0
000 10 1 1 0
000 1F 1 0 0
78E 1F 1 0 0
78E 1F 1 0 0
78E 1F 0 0 0
000 10 0 1 0
000 10 0 1 0
000 10 0 1 0
000 10 0 0 0
03E 15 0 0 0
03E 15 0 0 0
03E 15 1 0 0
000 10 1 1 0
000 10 1 1 0
000 10 1 1 0
000 1F 1 0 0
604 1F 1 0 0
604 1F 1 0 0
604 1F 0 0 0
000 10 0 1 0
000 10 0 1 0
000 10 0 1 0
000 11 0 0 0
03E 15 0 0 0
03E 15 0 0 0
03E 15 1 0 0
000 10 1 1 0
000 10 1 1 0
000 10 1 1 0
302 1F 1 0 0
78E 1F 1 0 0
78E 1F 0 0 0
000 1F 0 0 0
000 10 0 1 0
000 10 0 1 0
000 10 0 1 0
000 15 0 0 0
03E 15 0 0 0
03E 15 0 0 0
000 15 1 0 0
000 10 1 1 0
000 10 1 1 0
000 10 1 1 0
604 1F 1 0 0
604 1F 1 0 0
604 1F 0 0 0
000 1F 0 1 0
000 10 0 1 0
000 10 0 1 0
000 10 0 1 0
006 15 0 0 0
03E 15 0 0 0
03E 15 0 0 0
000 15 1 1 0
000 10 1 1 0
000 10 1 1 0
000 10 1 1 0
78E 1F 1 0 0
78E 1F 1 0 0
78E 1F 0 0 0
000 1F 0 1 0
000 10 0 1 0
000 10 0 1 0
000 10 0 1 0
01E 15 0 0 0
03E 15 0 0 0
03E 15 1 0 0
000 15 1 1 0
000 10 1 1 0
604 1F 1 0 0
604 1F 0 0 0
000 1D 0 1 0
000 10 0 1 0
000 10 0 1 0
000 10 0 1 0
03E 15 0 0 0
03E 15 0 0 0
03E 15 1 0 0
000 15 1 1 0
000 10 1 1 0
000 10 1 1 0
000 10 1 0 0
78E 1F 1 0 0
78E 1F 1 0 0
78E 1F 0 0 0
000 10 0 1 0
000 10 0 1 0
000 10 0 1 0
000 10 0 0 0
03E 15 0 0 0
03E 15 0 0 0
03E 15 1 0 0
000 10 1 1 0
000 10 1 1 0
000 10 1 1 0
000 10 1 0 0
604 1F 1 0 0
604 1F 1 0 0
604 1F 0 0 0
000 10 0 1 0
000 10 0 1 0
000 10 0 1 0
000 10 0 0 0
03E 15 0 0 0
03E 15 0 0 0
03E 15 1 0 0
000 10 1 1 0
000 10 1 1 0
000 10 1 1 0
000 10 1 0 0
78E 1F 1 0 0
78E 1F 1 0 0
78E 1F 0 0 0
000 10 0 1 0
000 10 0 1 0
000 10 0 1 0
000 10 0 0 0
03E 15 0 0 0
03E 15 0 0 0
03E 15 1 0 0
000 10 1 1 0
000 10 1 1 0
000 10 1 1 0
000 1F 1 0 0
604 1F 1 0 0
604 1F 1 0 0
604 1F 0 0 0
000 10 0 1 0
000 10 0 1 0
000 10 0 1 0
000 10 0 0 0
03E 15 0 0 0
03E 15 0 0 0
03E 15 1 0 0
000 10 1 1 0
000 10 1 1 0
000 10 1 1 0
000 1F 1 0 0
78E 1F 1 0 0
78E 1F 1 0 0
78E 1F 0 0 0
000 10 0 1 0
000 10 0 1 0
000 10 0 1 0
000 10 0 0 0
03E 15 0 0 0
03E 15 0 0 0
03E 15 1 0 0
000 10 1 1 0
000 10 1 1 0
000 10 1 1 0
000 1F 1 0 0
604 1F 1 0 0
604 1F 1 0 0
604 1F 0 0 0
000 10 0 1 0
000 10 0 1 0
000 10 0 1 0
000 10 0 0 0
03E 15 0 0 0
03E 15 0 0 0
03E 15 1 0 0
000 10 1 1 0
000 10 1 1 0
000 10 1 1 0
000 1F 1 0 0
78E 1F 1 0 0
78E 1F 1 0 0
78E 1F 0 0 0
000 10 0 1 0
000 10 0 1 0
000 10 0 1 0
000 10 0 0 0
03E 15 0 0 0
03E 15 0 0 0
03E 15 1 0 0
000 10 1 1 0
000 10 1 1 0
000 10 1 1 0
200 1F 1 0 0
604 1F 1 0 0
604 1F 0 0 0
000 1F 0 0 0
000 10 0 1 0
000 10 0 1 0
000 10 0 1 0
000 15 0 0 0
03E 15 0 0 0
03E 15 0 0 0
000 15 1 0 0
000 10 1 1 0
000 10 1 1 0
000 10 1 1 0
786 1F 1 0 0
78E 1F 1 0 0
78E 1F 0 0 0
000 1F 0 1 0
000 10 0 1 0
000 10 0 1 0
000 10 0 1 0
006 15 0 0 0
03E 15 0 0 0
03E 15 0 0 0
000 15 1 1 0
000 10 1 1 0
000 10 1 1 0
000 10 1 1 0
604 1F 1 0 0
604 1F 1 0 0
604 1F 0 0 0
000 1F 0 1 0
000 10 0 1 0
000 10 0 1 0
000 10 0 1 0
01E 15 0 0 0
03E 15 0 0 0
03E 15 1 0 0
000 15 1 1 0
000 10 1 1 0
000 10 1 1 0
000 10 1 1 0
78E 1F 1 0 0
78E 1F 1 0 0
78E 1F 0 0 0
000 1F 0 1 0
000 10 0 1 0
000 10 0 1 0
000 10 0 1 0
01E 15 0 0 0
03E 15 0 0 0
03E 15 1 0 0
000 15 1 1 0
000 10 1 1 0
000 10 1 1 0
000 10 1 1 0
604 1F 1 0 0
604 1F 1 0 0
604 1F 0 0 0
000 1F 0 1 0
000 10 0 1 0
000 10 0 1 0
000 10 0 1 0
03E 15 0 0 0
03E 15 0 0 0
03E 15 1 0 0
000 15 1 1 0
000 10 1 1 0
000 10 1 1 0
000 10 1 1 0
78E 1F 1 0 0
78E 1F 1 0 0
78E 1F 0 0 0
000 1F 0 1 0
000 10 0 1 0
000 10 0 1 0
000 10 0 1 0
03E 15 0 0 0
03E 15 0 0 0
03E 15 1 0 0
000 15 1 1 0
000 10 1 1 0
000 10 1 1 0
000 10 1 0 0
604 1F 1 0 0
604 1F 1 0 0
604 1F 0 0 0
000 10 0 1 0
000 10 0 1 0
000 10 0 1 0
000 10 0 0 0
03E 15 0 0 0
03E 15 0 0 0
03E 15 1 0 0
000 10 1 1 0
000 10 1 1 0
000 10 1 1 0
000 10 1 0 0
78E 1F 1 0 0
78E 1F 1 0 0
78E 1F 0 0 0
000 10 0 1 0
000 10 0 1 0
000 10 0 1 0
000 10 0 0 0
03E 15 0 0 0
03E 15 0 0 0
03E 15 1 0 0
000 10 1 1 0
000 10 1 1 0
000 10 1 1 0
000 10 1 0 0
604 1F 1 0 0
604 1F 1 0 0
604 1F 0 0 0
000 10 0 1 0
000 10 0 1 0
000 10 0 1 0
000 10 0 0 0
03E 15 0 0 0
03E 15 0 0 0
03E 15 1 0 0
000 10 1 1 0
000 10 1 1 0
000 10 1 1 0
000 17 1 0 0
78E 1F 1 0 0
78E 1F 1 0 0
78E 1F 0 0 0
000 10 0 1 0
000 10 0 1 0
000 10 0 1 0
000 10 0 0 0
03E 15 0 0 0
03E 15 0 0 0
03E 15 1 0 0
000 10 1 1 0
000 10 1 1 0
000 10 1 1 0
000 1F 1 0 0
604 1F 1 0 0
604 1F 1 0 0
604 1F 0 0 0
000 10 0 1 0
000 10 0 1 0
000 10 0 1 0
000 10 0 0 0
03E 15 0 0 0
03E 15 0 0 0
03E 15 1 0 0
000 10 1 1 0
000 10 1 1 0
000 10 1 1 0
000 1F 1 0 0
78E 1F 1 0 0
78E 1F 1 0 0
78E 1F 0 0 0
000 10 0 1 0
000 10 0 1 0
000 10 0 1 0
000 10 0 0 0
03E 15 0 0 0
03E 15 0 0 0
03E 15 1 0 0
000 10 1 1 0
000 10 1 1 0
000 10 1 1 0
000 1F 1 0 0
604 1F 1 0 0
604 1F 1 0 0
604 1F 0 0 0
000 10 0 1 0
000 10 0 1 0
000 10 0 1 0
000 10 0 0 0
03E 15 0 0 0
03E 15 0 0 0
03E 15 1 0 0
000 10 1 1 0
000 10 1 1 0
000 10 1 1 0
302 1F 1 0 0
78E 1F 1 0 0
78E 1F 0 0 0
000 1F 0 0 0
000 10 0 1 0
000 10 0 1 0
000 10 0 1 0
000 15 0 0 0
03E 15 0 0 0
03E 15 0 0 0
000 15 1 0 0
000 10 1 1 0
000 10 1 1 0
000 10 1 1 0
600 1F 1 0 0
604 1F 1 0 0
604 1F 0 0 0
000 1F 0 1 0
000 10 0 1 0
000 10 0 1 0
000 10 0 1 0
006 15 0 0 0
03E 15 0 0 0
03E 15 0 0 0
000 15 1 1 0
000 10 1 1 0
000 10 1 1 0
000 10 1 1 0
78E 1F 1 0 0
78E 1F 1 0 0
78E 1F 0 0 0
000 1F 0 1 0
000 10 0 1 0
000 10 0 1 0
000 10 0 1 0
01E 15 0 0 0
03E 15 0 0 0
03E 15 1 0 0
000 15 1 1 0
000 10 1 1 0
000 10 1 1 0
000 10 1 1 0
604 1F 1 0 0
604 1F 1 0 0
604 1F 0 0 0
000 1F 0 1 0
000 10 0 1 0
000 10 0 1 0
000 10 0 1 0
01E 15 0 0 0
03E 15 0 0 0
03E 15 1 0 0
000 15 1 1 0
000 10 1 1 0
000 10 1 1 0
000 10 1 1 0
78E 1F 1 0 0
78E 1F 1 0 0
78E 1F 0 0 0
000 1F 0 1 0
000 10 0 1 0
000 10 0 1 0
000 10 0 1 0
03E 15 0 0 0
03E 15 0 0 0
03E 15 1 0 0
000 15 1 1 0
000 10 1 1 0
000 10 1 1 0
000 10 1 1 0
604 1F 1 0 0
604 1F 1 0 0
604 1F 0 0 0
000 1F 0 1 0
000 10 0 1 0
000 10 0 1 0
000 10 0 1 0
03E 15 0 0 0
03E 15 0 0 0
03E 15 1 0 0
000 15 1 1 0
000 10 1 1 0
000 10 1 1 0
000 10 1 0 0
78E 1F 1 0 0
78E 1F 1 0 0
78E 1F 0 0 0
000 10 0 1 0
000 10 0 1 0
000 10 0 1 0
000 10 0 0 0
03E 15 0 0 0
03E 15 0 0 0
03E 15 1 0 0
000 10 1 1 0
000 10 1 1 0
000 10 1 1 0
000 10 1 0 0
604 1F 1 0 0
604 1F 1 0 0
604 1F 0 0 0
000 10 0 1 0
000 10 0 1 0
000 10 0 1 0
000 10 0 0 0
03E 15 0 0 0
03E 15 0 0 0
03E 15 1 0 0
000 10 1 1 0
000 10 1 1 0
000 10 1 1 0
000 10 1 0 0
78E 1F 1 0 0
78E 1F 1 0 0
78E 1F 0 0 0
000 10 0 1 0
000 10 0 1 0
000 10 0 1 0
000 10 0 0 0
03E 15 0 0 0
03E 15 0 0 0
03E 15 1 0 0
000 10 1 1 0
000 10 1 1 0
000 10 1 1 0
000 17 1 0 0
604 1F 1 0 0
604 1F 1 0 0
604 1F 0 0 0
000 10 0 1 0
000 10 0 1 0
000 10 0 1 0
000 10 0 0 0
03E 15 0 0 0
03E 15 0 0 0
03E 15 1 0 0
000 10 1 1 0
000 10 1 1 0
000 10 1 1 0
000 1F 1 0 0
78E 1F 1 0 0
78E 1F 1 0 0
78E 1F 0 0 0
000 10 0 1 0
000 10 0 1 0
000 10 0 1 0
000 10 0 0 0
03E 15 0 0 0
03E 15 0 0 0
03E 15 1 0 0
000 10 1 1 0
000 10 1 1 0
000 10 1 1 0
000 1F 1 0 0
604 1F 1 0 0
604 1F 1 0 0
604 1F 0 0 0
000 10 0 1 0
000 10 0 1 0
000 10 0 1 0
000 10 0 0 0
03E 15 0 0 0
03E 15 0 0 0
03E 15 1 0 0
000 10 1 1 0
000 10 1 1 0
000 10 1 1 0
000 1F 1 0 0
78E 1F 1 0 0
78E 1F 1 0 0
78E 1F 0 0 0
000 10 0 1 0
000 10 0 1 0
000 10 0 1 0
000 10 0 0 0
03E 15 0 0 0
03E 15 0 0 0
03E 15 1 0 0
000 10 1 1 0
000 10 1 1 0
000 10 1 1 0
000 1F 1 0 0
604 1F 1 0 0
604 1F 0 0 0
000 1F 0 0 0
000 10 0 1 0
000 10 0 1 0
000 10 0 1 0
000 15 0 0 0
03E 15 0 0 0
03E 15 0 0 0
000 15 1 0 0
000 10 1 1 0
000 10 1 1 0
000 10 1 1 0
382 1F 1 0 0
78E 1F 1 0 0
78E 1F 0 0 0
000 1F 0 1 0
000 10 0 1 0
000 10 0 1 0
000 10 0 1 0
006 15 0 0 0
03E 15 0 0 0
03E 15 0 0 0
000 15 1 1 0
000 10 1 1 0
000 10 1 1 0
000 10 1 1 0
604 1F 1 0 0
604 1F 1 0 0
604 1F 0 0 0
000 1F 0 1 0
000 10 0 1 0
000 10 0 1 0
000 10 0 1 0
01E 15 0 0 0
03E 15 0 0 0
03E 15 1 0 0
000 15 1 1 0
000 10 1 1 0
000 10 1 1 0
000 10 1 1 0
78E 1F 1 0 0
78E 1F 1 0 0
78E 1F 0 0 0
000 1F 0 1 0
000 10 0 1 0
000 10 0 1 0
000 10 0 1 0
01E 15 0 0 0
03E 15 0 0 0
03E 15 1 0 0
000 15 1 1 0
000 10 1 1 0
000 10 1 1 0
000 10 1 1 0
604 1F 1 0 0
604 1F 1 0 0
604 1F 0 0 0
000 1F 0 1 0
000 10 0 1 0
000 10 0 1 0
000 10 0 1 0
03E 15 0 0 0
03E 15 0 0 0
03E 15 1 0 0
000 15 1 1 0
000 10 1 1 0
000 10 1 1 0
000 10 1 1 0
78E 1F 1 0 0
78E 1F 1 0 0
78E 1F 0 0 0
000 1F 0 1 0
000 10 0 1 0
000 10 0 1 0
000 10 0 1 0
