000 11 0 0 0
00E 11 0 0 1
00E 11 0 0 1
00E 11 1 0 1
00E 11 1 0 1
00E FF 1 0 1
00E FF 1 0 1
00E FF 1 0 1
00E FF 1 0 1
00E FF 1 0 1
00E FF 1 0 1
00E FF 1 0 1
00E FF 1 0 1
00E FF 1 0 1
00E FF 1 0 1
00E FF 1 0 1
00E FF 1 0 1
00E FF 1 0 1
00E FF 1 0 1
00E FF 1 0 1
00E FF 1 0 1
00E FF 1 0 1
00E FF 1 0 1
00E FF 1 0 1
00E FF 1 0 1
00E FF 1 0 1
00E FF 1 0 1
00E FF 1 0 1
00E FF 1 0 1
00E FF 1 0 1
00E FF 1 0 1
00E FF 1 0 1
00E FF 1 0 1
00E FF 1 0 1
00E FF 1 0 1
00E FF 1 0 1
00E FF 1 0 1
00E FF 1 0 1
000 7F 1 1 1
000 10 1 1 0
000 10 1 1 0
000 10 1 1 0
181 10 1 0 0
181 10 1 0 0
181 1F 1 0 0
181 1F 1 0 0
181 1F 1 0 0
181 1F 1 0 0
181 1F 1 0 0
000 1F 1 0 0
000 10 0 1 0
000 10 0 1 0
000 10 0 1 0
000 10 0 0 0
00F 11 0 0 1
00F 11 0 0 1
00F 11 1 0 1
000 10 1 1 0
000 10 1 1 0
000 10 1 1 0
081 10 1 0 0
081 10 1 0 0
081 10 1 0 0
081 1F 1 0 0
081 1F 1 0 0
081 1F 1 0 0
081 1F 1 0 0
081 1F 1 0 0
081 1F 1 0 0
081 1F 1 0 0
081 1F 1 0 0
081 1F 1 0 0
081 1F 1 0 0
000 10 0 1 0
000 10 0 1 0
000 10 0 1 0
000 10 0 0 0
00F 11 0 0 0
00F 11 0 0 1
00F 11 1 0 1
081 10 1 0 0
081 10 1 0 0
081 12 1 0 0
081 1F 1 0 0
000 10 0 1 0
000 10 0 1 0
000 10 0 1 0
000 10 0 0 0
00F 11 0 0 0
00F 11 0 0 1
00F 11 1 0 1
000 10 1 1 0
000 10 1 1 0
000 10 1 1 0
000 10 1 0 0
081 10 1 0 0
081 10 1 0 0
081 1F 1 0 0
000 1F 1 1 0
000 10 0 1 0
000 10 0 1 0
000 10 0 1 0
003 11 0 0 0
00F 11 0 0 1
00F 11 0 0 1
000 11 1 0 1
000 10 1 1 0
000 10 1 1 0
000 10 1 1 0
081 10 1 0 0
081 10 1 0 0
081 12 1 0 0
081 1F 1 0 0
000 10 0 1 0
000 10 0 1 0
000 10 0 1 0
000 10 0 0 0
00F 11 0 0 0
00F 11 0 0 1
00F 11 1 0 1
000 10 1 1 0
000 10 1 1 0
000 10 1 1 0
000 10 1 0 0
081 10 1 0 0
081 10 1 0 0
081 1F 0 0 0
000 1F 0 1 0
000 10 0 1 0
000 10 0 1 0
000 10 0 1 0
000 15 0 0 0
F0F 95 0 0 0
FFF 95 0 0 0
000 15 1 0 0
000 10 1 1 0
000 10 1 1 0
000 10 1 1 0
0C1 10 1 0 0
0C5 70 1 0 0
0C5 7F 1 0 0
0C5 7F 0 0 0
000 10 0 1 0
000 10 0 1 0
000 10 0 1 0
000 10 0 0 0
FFF F0 0 0 0
FFF F0 0 0 0
FFF F0 1 0 0
000 10 1 1 0
000 10 1 1 0
000 10 1 1 0
000 10 1 0 0
082 70 1 0 0
082 7F 1 0 0
082 7F 0 0 0
000 1F 0 1 0
000 10 0 1 0
000 10 0 1 0
000 10 0 1 0
00F F8 0 0 0
00F F8 0 0 0
00F F8 1 0 0
000 78 1 1 0
000 10 1 1 0
000 10 1 1 0
000 10 1 1 0
0F8 10 1 0 0
0F8 F0 1 0 0
0F8 F0 1 0 0
0F8 F0 0 0 0
000 10 0 1 0
000 10 0 1 0
000 10 0 1 0
000 10 0 0 0
00F B3 0 0 0
00F B3 0 0 0
00F B3 1 0 0
000 10 1 1 0
000 10 1 1 0
000 10 1 1 0
000 10 1 0 0
1D3 70 1 0 0
1D3 70 1 0 0
1D3 70 0 0 0
000 10 0 1 0
000 10 0 1 0
000 10 0 1 0
000 10 0 1 0
00F FD 0 0 0
00F FD 0 0 0
00F FD 1 0 0
000 7D 1 1 0
000 10 1 1 0
000 10 1 1 0
000 10 1 1 0
1D0 10 1 0 0
1D4 70 1 0 0
1D4 70 0 0 0
1D4 70 0 0 0
000 10 0 1 0
000 10 0 1 0
000 10 0 1 0
000 10 0 0 0
00F F7 0 0 0
00F F7 0 0 0
00F F7 1 0 0
000 10 1 1 0
000 10 1 1 0
000 10 1 1 0
000 10 1 0 0
1D5 30 1 0 0
1D5 30 1 0 0
1D5 30 0 0 0
000 10 0 1 0
000 10 0 1 0
000 10 0 1 0
000 10 0 1 0
00F 1D 0 0 0
00F 1D 0 0 0
00F 1D 1 0 0
000 1D 1 1 0
000 10 1 1 0
000 10 1 1 0
000 10 1 1 0
1D6 10 1 0 0
1D6 30 1 0 0
1D6 30 0 0 0
000 30 0 0 0
000 10 0 1 0
000 10 0 1 0
000 10 0 1 0
000 10 0 0 0
00F 3E 0 0 0
00F 3E 0 0 0
00F 3E 1 0 0
000 10 1 1 0
000 10 1 1 0
000 10 1 1 0
000 10 1 0 0
1D7 30 1 0 0
1D7 30 1 0 0
1D7 30 0 0 0
000 10 0 1 0
000 10 0 1 0
000 10 0 1 0
000 10 0 0 0
00F 15 0 0 0
00F 15 0 0 0
00F 15 1 0 0
000 15 1 1 0
000 10 1 1 0
000 10 1 1 0
000 10 1 1 0
083 10 1 0 0
083 30 1 0 0
083 30 0 0 0
000 30 0 0 0
000 10 0 1 0
000 10 0 1 0
000 10 0 1 0
000 10 0 0 0
00F 7A 0 0 0
00F 7A 0 0 0
00F 7A 1 0 0
000 10 1 1 0
000 10 1 1 0
000 10 1 1 0
000 10 1 0 0
0BA B0 1 0 0
0BA B0 1 0 0
0BA B0 0 0 0
000 10 0 1 0
000 10 0 1 0
000 10 0 1 0
000 10 0 0 0
00F 96 0 0 0
00F 96 0 0 0
00F 96 1 0 0
000 16 1 1 0
000 10 1 1 0
000 10 1 1 0
000 10 1 1 0
0C6 30 1 0 0
0C6 30 1 0 0
0C6 30 0 0 0
000 30 0 1 0
000 10 0 1 0
000 10 0 1 0
000 10 0 1 0
001 10 0 0 0
00F 91 0 0 0
00F 91 0 0 0
00F 91 1 0 0
000 10 1 1 0
000 10 1 1 0
000 10 1 1 0
000 10 1 0 0
0BB B0 1 0 0
0BB B0 1 0 0
0BB B0 0 0 0
000 10 0 1 0
000 10 0 1 0
000 10 0 1 0
000 10 0 0 0
03E D9 0 0 0
03E D9 0 0 0
03E D9 1 0 0
000 59 1 1 0
000 10 1 1 0
000 10 1 1 0
000 10 1 1 0
0E9 B0 1 0 0
0E9 B0 1 0 0
0E9 B0 0 0 0
000 30 0 1 0
000 10 0 1 0
000 10 0 1 0
000 10 0 1 0
000 1E 0 0 0
03E 9E 0 0 0
03E 9E 0 0 0
03E 9E 1 0 0
000 10 1 1 0
000 10 1 1 0
000 10 1 1 0
000 10 1 0 0
14E B0 1 0 0
14E B0 1 0 0
14E B0 0 0 0
000 10 0 1 0
000 10 0 1 0
000 10 0 1 0
000 10 0 0 0
03E FF 0 0 0
03E FF 0 0 0
03E FF 1 0 0
000 1F 1 1 0
000 10 1 1 0
000 10 1 1 0
000 10 1 1 0
14F B0 1 0 0
14F B0 1 0 0
14F B0 0 0 0
000 30 0 1 0
000 10 0 1 0
000 10 0 1 0
000 10 0 1 0
006 78 0 0 0
03E F8 0 0 0
03E F8 0 0 0
03E F8 1 0 0
000 10 1 1 0
000 10 1 1 0
000 10 1 1 0
000 10 1 0 0
150 70 1 0 0
150 70 1 0 0
150 70 0 0 0
000 10 0 1 0
000 10 0 1 0
000 10 0 1 0
000 10 0 0 0
03E F4 0 0 0
03E F4 0 0 0
03E F4 1 0 0
000 14 1 1 0
000 10 1 1 0
000 10 1 1 0
000 10 1 1 0
151 70 1 0 0
151 70 1 0 0
151 70 0 0 0
000 70 0 1 0
000 10 0 1 0
000 10 0 1 0
000 10 0 1 0
006 72 0 0 0
03E F2 0 0 0
03E F2 0 0 0
03A F2 1 0 0
000 10 1 1 0
000 10 1 1 0
000 10 1 1 0
000 10 1 0 0
152 70 1 0 0
152 70 1 0 0
152 70 0 0 0
000 10 0 1 0
000 10 0 1 0
000 10 0 1 0
000 10 0 0 0
03E F1 0 0 0
03E F1 0 0 0
03E F1 1 0 0
000 10 1 1 0
000 10 1 1 0
000 10 1 1 0
000 10 1 0 0
153 70 1 0 0
153 70 1 0 0
153 70 0 0 0
000 70 0 1 0
000 10 0 1 0
000 10 0 1 0
000 10 0 1 0
01E 1D 0 0 0
03E 1D 0 0 0
03E 1D 0 0 0
000 1D 1 0 0
000 10 1 1 0
000 10 1 1 0
000 10 1 1 0
000 10 1 0 0
154 70 1 0 0
154 70 1 0 0
154 70 0 0 0
000 10 0 1 0
000 10 0 1 0
000 10 0 1 0
000 10 0 0 0
03E 7F 0 0 0
03E 7F 0 0 0
03E 7F 1 0 0
000 10 1 1 0
000 10 1 1 0
000 10 1 1 0
000 10 1 0 0
155 70 1 0 0
155 70 1 0 1
155 70 0 0 1
000 70 0 1 1
000 10 0 1 0
000 10 0 1 0
000 10 0 1 0
01E 15 0 0 0
03E 15 0 0 0
03E 15 0 0 0
000 15 1 1 0
000 10 1 1 0
000 10 1 1 0
000 10 1 1 0
090 1F 1 0 0
0BC 1F 1 0 0
0BC 1F 1 0 0
0BC 1F 0 0 0
000 10 0 1 0
000 10 0 1 0
000 10 0 1 0
000 10 0 0 0
03E 15 0 0 0
03E 15 0 0 0
03E 15 1 0 0
000 10 1 1 0
000 10 1 1 0
000 10 1 1 0
000 10 1 0 0
000 1F 1 0 0
000 1F 1 0 0
000 1F 0 0 0
000 1F 0 1 0
000 10 0 1 0
000 10 0 1 0
000 10 0 1 0
01E 11 0 0 0
03E 11 0 0 0
03E 11 1 0 0
000 11 1 1 0
000 10 1 1 0
000 10 1 1 0
000 10 1 1 0
001 1F 1 0 0
001 1F 1 0 0
001 1F 1 0 0
001 1F 0 0 0
000 10 0 1 0
000 10 0 1 0
000 10 0 1 0
000 10 0 0 0
03E 12 0 0 0
03E 12 0 0 0
03E 12 1 0 0
000 10 1 1 0
000 10 1 1 0
000 10 1 1 0
000 10 1 0 0
002 1F 1 0 0
002 1F 1 0 0
002 1F 0 0 0
000 1F 0 1 0
000 10 0 1 0
000 10 0 1 0
000 10 0 1 0
03E F4 0 0 0
03E F4 0 0 0
03E F4 1 0 0
000 74 1 1 0
000 10 1 1 0
000 10 1 1 0
000 10 1 1 0
003 1F 1 0 0
003 1F 1 0 0
003 1F 0 0 0
003 1F 0 0 0
000 10 0 1 0
000 10 0 1 0
000 10 0 1 0
000 10 0 0 0
03E 3C 0 0 0
03E 3C 0 0 0
03E 3C 1 0 0
000 10 1 1 0
000 10 1 1 0
000 10 1 1 0
000 10 1 0 0
004 1F 1 0 0
004 1F 1 0 0
004 1F 0 0 0
000 10 0 1 0
000 10 0 1 0
000 10 0 1 0
000 10 0 1 0
03E 3E 0 0 1
03E 3E 0 0 1
03E 3E 1 0 1
000 3E 1 1 1
000 10 1 1 0
000 10 1 1 0
000 10 1 1 0
005 10 1 0 0
005 10 1 0 0
005 10 0 0 0
004 10 0 0 0
000 10 0 1 0
000 10 0 1 0
000 10 0 1 0
000 10 0 0 0
03E FE 0 0 0
03E FE 0 0 0
03E FE 1 0 0
000 10 1 1 0
000 10 1 1 0
000 10 1 1 0
000 10 1 0 0
006 1F 1 0 0
006 1F 1 0 0
006 1F 0 0 0
000 10 0 1 0
000 10 0 1 0
000 10 0 1 0
000 10 0 0 0
03E 3C 0 0 0
03E 3C 0 0 0
03E 3C 1 0 0
000 3C 1 1 0
000 10 1 1 0
000 10 1 1 0
000 10 1 1 0
007 1F 1 0 0
007 5F 1 0 0
007 5F 0 0 0
000 5F 0 0 0
000 10 0 1 0
000 10 0 1 0
000 10 0 1 0
000 10 0 0 0
03E 3D 0 0 1
03E 3D 0 0 1
03E 3D 1 0 1
000 10 1 1 0
000 10 1 1 0
000 10 1 1 0
000 10 1 0 0
008 D8 1 0 0
008 D8 1 0 0
008 D8 0 0 0
000 10 0 1 0
000 10 0 1 0
000 10 0 1 0
000 10 0 0 0
03E 9A 0 0 0
03E 9A 0 0 0
03E 9A 1 0 0
000 1A 1 1 0
000 10 1 1 0
000 10 1 1 0
000 10 1 1 0
0CA 1F 1 0 0
0CA 1F 1 0 0
0CA 1F 0 0 0
000 1F 0 1 0
000 10 0 1 0
000 10 0 1 0
000 10 0 1 0
000 14 0 0 0
03E DD 0 0 0
03E DD 0 0 0
03E DD 1 0 0
000 10 1 1 0
000 10 1 1 0
000 10 1 1 0
000 1F 1 0 0
009 1F 1 0 0
009 1F 1 0 0
009 1F 0 0 0
000 10 0 1 0
000 10 0 1 0
000 10 0 1 0
000 10 0 0 0
012 7D 0 0 0
012 7D 0 0 0
012 7D 1 0 0
000 7D 1 1 0
000 10 1 1 0
000 10 1 1 0
000 10 1 1 0
0FD 1F 1 0 0
0FD 1F 1 0 0
0FD 1F 0 0 0
000 1F 0 1 0
000 10 0 1 0
000 10 0 1 0
000 10 0 1 0
000 76 0 0 0
012 76 0 0 0
012 76 0 0 0
012 76 1 0 0
000 10 1 1 0
000 10 1 1 0
000 10 1 1 0
000 1F 1 0 0
1F6 1F 1 0 0
1F6 1F 1 0 0
1F6 1F 0 0 0
000 10 0 1 0
000 10 0 1 0
000 10 0 1 0
000 10 0 0 0
012 7F 0 0 0
012 7F 0 0 0
012 7F 1 0 0
000 1F 1 1 0
000 10 1 1 0
000 10 1 1 0
000 10 1 1 0
1F7 1F 1 0 0
1F7 1F 1 0 0
1F7 1F 0 0 0
000 1F 0 1 0
000 10 0 1 0
000 10 0 1 0
000 10 0 1 0
002 1F 0 0 0
012 5F 0 0 0
012 5F 0 0 0
012 5F 1 0 0
000 10 1 1 0
000 10 1 1 0
000 10 1 1 0
000 1F 1 0 0
1F8 FF 1 0 1
1F8 FF 1 0 1
1F8 FF 0 0 1
000 10 0 1 0
000 10 0 1 0
000 10 0 1 0
000 10 0 0 0
011 76 0 0 0
011 76 0 0 0
011 76 1 0 0
000 16 1 1 0
000 10 1 1 0
000 10 1 1 0
000 10 1 1 0
1F6 78 1 0 0
1F6 78 1 0 0
1F6 78 0 0 0
000 78 0 1 0
000 10 0 1 0
000 10 0 1 0
000 10 0 1 0
001 7F 0 0 0
011 7F 0 0 0
011 7F 0 0 0
011 7F 1 0 0
000 10 1 1 0
000 10 1 1 0
000 10 1 1 0
000 18 1 0 0
1F7 78 1 0 0
1F7 78 1 0 0
1F7 78 0 0 0
000 10 0 1 0
000 10 0 1 0
000 10 0 1 0
000 10 0 0 0
011 5F 0 0 0
011 5F 0 0 0
011 5F 1 0 0
000 10 1 1 0
